0 1
0 2
0 26
1 0
1 21
1 29
2 0
2 23
2 31
3 4
3 7
3 35
4 3
4 16
4 17
5 6
5 7
5 10
6 5
6 11
6 17
7 3
7 5
7 14
7 15
8 9
8 10
8 42
9 8
9 11
9 18
10 5
10 8
10 11
11 6
11 9
11 10
12 13
12 156
12 1687
13 12
13 20
13 21
14 7
14 35
14 42
15 7
15 17
16 4
16 161
17 4
17 6
17 15
18 9
18 19
19 18
19 20
20 13
20 19
21 1
21 13
21 22
22 21
22 261
22 262
23 2
23 30
24 25
24 59
24 61
25 24
25 3152
25 3165
26 0
26 262
26 280
27 28
27 76
27 1389
28 27
28 274
28 303
29 1
30 23
30 31
30 32
31 2
31 30
31 48
32 30
32 33
32 1687
33 32
34 35
34 40
35 3
35 14
35 34
35 161
36 37
36 70
36 77
37 36
38 39
39 38
39 45
39 51
40 34
40 41
41 40
41 42
41 44
42 8
42 14
42 41
42 160
43 44
43 45
43 50
44 41
44 43
44 156
44 157
45 39
45 43
45 53
46 47
46 48
46 49
47 46
47 1393
47 1684
48 31
48 46
48 158
48 159
49 46
49 50
49 52
50 43
50 49
50 53
51 39
52 49
52 54
52 1401
53 45
53 50
53 62
54 52
54 55
54 56
55 54
56 54
56 57
56 58
57 56
57 58
57 63
58 56
58 57
59 24
60 61
60 65
60 3159
61 24
61 60
61 1148
62 53
62 67
62 68
63 57
63 64
63 82
64 63
64 1401
64 1416
65 60
65 66
65 71
66 65
67 62
67 69
67 87
68 62
68 69
68 182
69 67
69 68
69 72
70 36
70 166
70 167
71 65
71 3160
71 3465
72 69
72 73
73 72
73 77
74 75
74 1415
75 74
75 86
75 1416
76 27
77 36
77 73
77 78
77 80
78 77
78 79
78 80
79 78
79 81
79 84
80 77
80 78
80 81
80 181
81 79
81 80
81 183
82 63
82 91
82 1439
83 84
83 89
83 97
84 79
84 83
84 178
85 86
85 1421
86 75
86 85
86 1452
86 1667
87 67
87 88
88 87
88 89
88 90
89 83
89 88
89 176
89 177
90 88
90 91
90 95
91 82
91 90
91 94
91 1443
92 93
92 104
92 183
93 92
94 91
94 95
94 105
95 90
95 94
95 98
96 97
97 83
97 96
98 95
98 99
98 100
99 98
100 98
100 106
100 108
101 102
102 101
102 183
102 189
103 104
104 92
104 103
104 183
105 94
105 107
105 114
106 100
106 107
106 108
107 105
107 106
107 118
108 100
108 106
108 109
108 110
109 108
109 111
109 115
110 108
110 111
110 112
111 109
111 110
111 113
112 110
112 113
112 121
113 111
113 112
113 115
114 105
114 116
115 109
115 113
115 117
116 114
116 119
116 120
117 115
117 118
117 123
118 107
118 117
118 119
119 116
119 118
119 120
120 116
120 119
120 127
121 112
122 123
122 124
122 129
123 117
123 122
123 201
124 122
124 125
124 132
125 124
126 127
126 128
126 130
127 120
127 126
127 197
128 126
128 198
128 1472
129 122
129 130
129 131
130 126
130 129
130 131
131 129
131 130
131 135
132 124
132 136
132 140
133 134
133 142
133 3828
134 133
135 131
135 137
135 139
136 132
137 135
137 138
137 139
138 137
138 140
138 141
139 135
139 137
139 1499
140 132
140 138
140 163
141 138
142 133
142 143
143 142
143 172
144 145
144 910
145 144
146 147
146 153
146 213
147 146
147 162
147 1526
148 149
148 211
148 869
149 148
149 215
149 1047
150 151
150 152
150 217
151 150
151 216
151 217
152 150
152 153
152 154
153 146
153 152
153 1554
154 152
154 228
155 156
155 158
156 12
156 44
156 155
157 44
157 161
157 166
158 48
158 155
159 48
159 304
159 1611
160 42
161 16
161 35
161 157
162 147
162 163
162 164
162 165
163 140
163 162
163 168
163 227
164 162
164 168
164 169
165 162
165 1666
166 70
166 157
167 70
168 163
168 164
168 226
169 164
169 229
170 171
170 3084
171 170
171 2964
171 3081
172 143
173 174
173 175
173 3467
174 173
174 3447
174 3624
174 3633
175 173
176 89
177 89
178 84
179 180
179 2250
179 2253
180 179
181 80
182 68
183 81
183 92
183 102
183 104
184 185
184 186
184 2164
185 184
185 2489
186 184
187 188
187 206
187 2224
187 2450
188 187
189 102
190 191
190 193
190 2229
191 190
192 193
192 194
192 195
193 190
193 192
193 1701
194 192
195 192
195 196
195 2263
196 195
197 127
198 128
199 200
199 202
199 2263
200 199
200 2261
201 123
202 199
203 204
203 205
203 2259
204 203
204 2450
204 2451
205 203
206 187
206 207
206 208
207 206
208 206
209 210
209 212
209 269
210 209
210 2219
211 148
212 209
213 146
213 216
214 215
214 866
215 149
215 214
215 853
216 151
216 213
216 217
217 150
217 151
217 216
218 219
218 225
218 3258
219 218
220 221
220 1538
221 220
221 1526
221 1527
222 223
222 316
222 1496
223 222
223 1493
223 1500
224 225
224 3258
224 3305
225 218
225 224
225 3258
225 3303
226 168
227 163
227 1666
228 154
228 1602
229 169
229 3260
230 231
230 232
230 233
231 230
231 232
231 234
232 230
232 231
232 238
233 230
233 234
233 242
234 231
234 233
234 313
235 236
236 235
236 1409
236 1413
237 238
237 241
237 249
238 232
238 237
238 312
239 240
240 239
240 251
240 309
241 237
241 246
241 249
242 233
242 243
242 246
243 242
243 245
243 248
244 245
244 247
244 353
245 243
245 244
245 319
246 241
246 242
246 248
247 244
247 266
247 371
248 243
248 246
248 298
249 237
249 241
249 253
250 251
251 240
251 250
251 259
252 253
252 254
252 276
253 249
253 252
253 281
253 285
254 252
254 257
254 271
255 256
256 255
256 305
256 306
257 254
257 271
257 276
258 259
258 268
258 272
259 251
259 258
259 308
260 261
260 262
260 303
261 22
261 260
261 305
262 22
262 26
262 260
263 264
263 302
264 263
264 276
264 320
265 266
265 267
265 300
266 247
266 265
266 282
266 299
267 265
267 371
267 379
268 258
268 273
268 317
269 209
269 270
269 2231
270 269
271 254
271 257
271 301
272 258
272 273
272 274
273 268
273 272
274 28
274 272
274 275
275 274
275 314
275 631
276 252
276 257
276 264
277 278
277 1388
277 1390
277 1394
278 277
278 279
278 1387
279 278
279 296
279 317
279 329
280 26
281 253
282 266
283 302
284 285
284 288
284 298
285 253
285 284
285 288
286 287
286 301
287 286
287 302
288 284
288 285
288 301
289 290
289 297
290 289
290 294
291 292
292 291
292 1212
292 1235
293 294
293 295
294 290
294 293
294 296
295 293
295 296
296 279
296 294
296 295
297 289
297 1616
298 248
298 284
298 299
298 1391
299 266
299 298
299 300
300 265
300 299
300 379
300 1398
301 271
301 286
301 288
301 1388
302 263
302 283
302 287
303 28
303 260
303 304
303 305
304 159
304 303
305 256
305 261
305 303
306 256
306 307
306 314
307 306
307 308
308 259
308 307
309 240
309 310
310 309
310 311
310 320
311 310
311 312
312 238
312 311
313 234
313 353
313 397
314 275
314 306
314 315
315 314
316 222
317 268
317 279
317 318
318 317
319 245
320 264
320 310
321 322
321 323
321 2193
322 321
322 2161
322 2171
323 321
324 325
324 2197
324 2379
325 324
326 327
326 328
326 2455
327 326
327 2378
327 2379
327 2380
328 326
329 279
330 331
330 468
331 330
331 492
332 333
333 332
333 472
333 474
334 335
334 336
334 337
335 334
336 334
337 334
337 338
337 344
338 337
338 413
338 414
338 447
339 340
339 408
339 414
339 418
340 339
340 343
340 355
340 3118
341 342
341 345
341 346
342 341
343 340
343 344
343 414
344 337
344 343
345 341
345 364
345 386
346 341
346 347
346 354
347 346
347 418
347 456
348 349
348 375
349 348
349 361
349 417
350 351
350 352
351 350
351 463
351 464
352 350
352 360
352 361
353 244
353 313
353 370
354 346
355 340
355 356
355 407
356 355
357 358
357 446
357 1769
358 357
358 1868
358 1869
359 360
360 352
360 359
361 349
361 352
361 362
362 361
362 433
363 364
363 429
363 450
364 345
364 363
364 389
364 390
365 366
365 367
365 372
366 365
366 433
367 365
367 373
367 395
368 369
369 368
369 380
369 439
370 353
370 371
370 393
371 247
371 267
371 370
372 365
372 373
372 404
373 367
373 372
373 393
373 394
374 375
374 398
375 348
375 374
376 377
376 383
376 1756
377 376
377 450
377 451
378 379
379 267
379 300
379 378
379 394
380 369
380 381
380 529
381 380
381 409
382 383
382 454
382 2043
383 376
383 382
383 454
384 385
384 386
384 391
385 384
385 465
385 466
386 345
386 384
386 387
386 391
387 386
387 390
388 389
388 408
388 415
389 364
389 388
390 364
390 387
391 384
391 386
391 392
392 391
392 398
392 1765
393 370
393 373
394 373
394 379
394 405
395 367
395 396
395 397
396 395
396 397
396 463
397 313
397 395
397 396
398 374
398 392
398 399
398 1750
399 398
399 400
399 406
400 399
400 1936
401 402
401 403
401 525
401 1937
402 401
402 407
403 401
403 416
403 1749
404 372
404 405
405 394
405 404
405 1942
406 399
407 355
407 402
407 408
407 411
408 339
408 388
408 407
408 415
409 381
409 410
409 411
409 412
410 409
411 407
411 409
412 409
413 338
413 448
413 457
414 338
414 339
414 343
414 418
415 388
415 408
415 416
416 403
416 415
417 349
418 339
418 347
418 414
418 467
419 420
419 422
419 423
419 458
420 419
420 424
421 422
422 419
422 421
422 458
422 459
423 419
424 420
424 425
424 426
425 424
425 429
426 424
427 428
427 430
427 2036
428 427
428 1996
428 2056
429 363
429 425
430 427
431 432
431 2255
432 431
433 362
433 366
434 435
434 3317
434 3319
434 3621
435 434
436 437
436 442
436 444
436 2314
437 436
438 439
438 619
439 369
439 438
440 441
440 443
440 3754
440 3755
441 440
441 3118
441 3754
442 436
443 440
443 470
443 3755
444 436
445 446
445 1997
445 1998
445 2028
446 357
446 445
446 1769
447 338
447 448
447 449
448 413
448 447
448 467
449 447
449 482
450 363
450 377
451 377
452 453
452 455
452 3392
453 452
453 2314
453 3372
454 382
454 383
454 2043
455 452
456 347
457 413
458 419
458 422
458 1940
459 422
460 461
460 462
460 2144
461 460
461 2134
461 2431
462 460
463 351
463 396
464 351
464 465
465 385
465 464
466 385
466 467
467 418
467 448
467 466
468 330
468 469
468 470
469 468
470 443
470 468
470 473
471 472
472 333
472 471
473 470
473 474
474 333
474 473
474 3118
475 476
475 477
476 475
477 475
477 478
478 477
478 479
479 478
479 480
480 479
480 481
481 480
481 483
482 449
482 484
483 481
483 484
484 482
484 483
485 486
486 485
486 603
486 604
487 488
487 509
487 510
488 487
488 940
489 490
489 491
490 489
490 627
491 489
491 597
492 331
492 493
493 492
493 606
494 495
494 620
494 634
495 494
496 497
496 498
496 499
497 496
497 643
497 644
498 496
499 496
499 502
499 507
500 501
501 500
501 624
502 499
502 503
502 511
503 502
504 505
504 506
504 516
505 504
505 636
505 638
506 504
506 507
506 513
507 499
507 506
507 511
508 509
508 510
508 512
509 487
509 508
510 487
510 508
510 605
511 502
511 507
511 517
512 508
512 570
512 572
513 506
513 516
513 539
514 515
514 519
514 548
515 514
515 610
515 611
516 504
516 513
516 543
517 511
517 518
517 533
518 517
518 572
518 645
519 514
519 520
519 521
520 519
521 519
521 527
521 535
522 523
522 524
522 632
523 522
523 625
524 522
524 567
524 625
525 401
525 1748
526 527
526 528
526 535
527 521
527 526
527 528
528 526
528 527
528 565
529 380
529 1448
530 531
530 532
530 537
531 530
531 570
531 571
531 572
532 530
532 533
532 534
533 517
533 532
533 649
534 532
535 521
535 526
535 536
536 535
536 546
536 564
536 566
537 530
537 538
537 541
538 537
539 513
539 540
539 543
540 539
540 646
541 537
541 955
542 544
543 516
543 539
543 551
544 542
544 549
545 546
545 561
545 563
546 536
546 545
546 562
547 548
547 558
547 622
548 514
548 547
548 577
548 660
549 544
549 550
549 556
550 549
550 551
550 2341
551 543
551 550
551 574
551 575
552 553
552 555
552 556
553 552
553 588
553 589
553 590
554 555
554 2109
554 2112
555 552
555 554
556 549
556 552
557 558
558 547
558 557
558 618
559 560
559 1706
559 2165
560 559
560 1962
560 2155
560 2358
561 545
562 546
562 563
563 545
563 562
564 536
565 528
565 566
565 1448
566 536
566 565
566 1492
567 524
567 568
567 569
567 651
568 567
569 567
569 580
569 655
570 512
570 531
571 531
571 578
571 579
572 512
572 518
572 531
572 573
573 572
573 602
573 603
574 551
574 576
574 587
575 551
575 651
576 574
576 586
576 2340
577 548
577 581
578 571
578 579
578 957
579 571
579 578
579 957
580 569
580 656
581 577
582 583
582 658
583 582
583 659
583 660
584 585
584 658
584 2345
585 584
585 659
586 576
586 2349
587 574
587 2114
588 553
588 632
588 633
589 553
589 626
590 553
591 592
591 607
592 591
592 612
592 613
593 594
593 595
593 596
594 593
594 657
595 593
595 596
595 627
596 593
596 595
597 491
597 598
597 612
598 597
599 600
599 657
600 599
600 601
600 636
601 600
601 602
602 573
602 601
603 486
603 573
604 486
604 938
604 939
604 940
605 510
606 493
606 607
607 591
607 606
608 609
608 615
608 717
609 608
609 615
609 1025
609 1140
610 515
610 616
610 617
611 515
612 592
612 597
613 592
614 615
614 1025
614 1152
615 608
615 609
615 614
616 610
616 620
616 624
617 610
618 558
619 438
620 494
620 616
621 622
621 623
622 547
622 621
622 2345
623 621
624 501
624 616
625 523
625 524
625 626
626 589
626 625
627 490
627 595
627 628
628 627
628 629
628 630
629 628
630 628
631 275
632 522
632 588
632 633
633 588
633 632
633 650
634 494
634 635
635 634
636 505
636 600
636 637
637 636
638 505
639 640
640 639
640 679
640 697
641 642
641 884
641 1081
642 641
643 497
644 497
645 518
646 540
646 647
646 648
647 646
648 646
649 533
650 633
651 567
651 575
652 653
652 654
652 2206
653 652
653 2195
654 652
655 569
655 656
656 580
656 655
656 657
657 594
657 599
657 656
658 582
658 584
659 583
659 585
660 548
660 583
660 1939
661 662
661 663
662 661
662 1419
663 661
664 665
664 2225
665 664
665 2221
665 2452
666 667
666 1024
666 2472
667 666
668 669
668 805
668 814
668 825
669 668
669 804
669 813
669 824
670 671
670 688
670 930
671 670
671 1017
671 1027
671 1130
672 673
672 682
672 683
673 672
673 693
673 1016
674 675
674 692
674 729
675 674
675 730
675 1015
675 1144
676 677
676 678
676 681
677 676
677 994
677 1012
678 676
678 1013
679 640
679 680
679 681
680 679
680 963
680 1013
681 676
681 679
681 997
682 672
682 683
682 715
683 672
683 682
684 685
684 686
684 727
684 931
685 684
685 1134
686 684
686 687
686 688
686 712
687 686
687 711
687 1132
688 670
688 686
688 931
689 690
689 691
689 709
690 689
690 694
690 708
691 689
691 711
691 1132
692 674
692 693
692 716
692 740
693 673
693 692
693 1015
694 690
694 695
694 707
694 1135
695 694
695 696
695 699
696 695
696 1026
696 1130
697 640
697 698
697 961
698 697
699 695
699 700
699 706
700 699
700 717
700 1131
701 702
701 703
701 736
702 701
702 1009
703 701
703 1009
703 1018
704 705
704 713
704 1022
705 704
705 961
705 962
705 963
706 699
706 707
706 726
707 694
707 706
707 708
707 724
708 690
708 707
708 709
708 722
709 689
709 708
709 710
709 719
710 709
710 711
710 712
710 720
711 687
711 691
711 710
712 686
712 710
712 721
713 704
713 714
713 1079
714 713
714 1079
715 682
715 716
715 1137
716 692
716 715
716 1159
717 608
717 700
717 732
718 719
718 720
718 723
719 709
719 718
720 710
720 718
720 721
721 712
721 720
721 728
721 743
722 708
722 723
722 724
722 742
723 718
723 722
723 741
724 707
724 722
724 725
725 724
725 726
725 733
726 706
726 725
726 732
727 684
727 728
727 738
728 721
728 727
728 748
729 674
729 730
729 739
730 675
730 729
730 977
730 1032
731 732
731 733
731 744
732 717
732 726
732 731
733 725
733 731
733 737
734 735
734 798
734 990
735 734
735 948
735 1009
736 701
736 917
736 1087
737 733
737 745
737 747
738 727
738 750
738 1381
739 729
739 740
739 1035
740 692
740 739
740 1034
741 723
741 742
741 743
742 722
742 741
742 746
742 753
743 721
743 741
743 749
743 751
744 731
744 745
744 758
745 737
745 744
745 754
746 742
746 747
746 755
747 737
747 746
748 728
748 749
748 750
748 752
749 743
749 748
749 922
750 738
750 748
750 761
751 743
751 753
751 764
751 922
752 748
752 760
752 922
753 742
753 751
753 756
754 745
754 755
754 923
755 746
755 754
755 757
756 753
756 757
756 764
757 755
757 756
757 763
758 744
758 759
758 769
758 923
759 758
760 752
760 761
760 768
760 921
761 750
761 760
762 763
762 771
762 923
763 757
763 762
763 772
764 751
764 756
764 767
764 772
764 782
765 766
765 767
765 768
765 784
766 765
766 920
766 921
767 764
767 765
767 783
767 920
768 760
768 765
768 785
769 758
769 770
769 771
769 779
770 769
770 777
770 778
771 762
771 769
771 772
771 780
772 763
772 764
772 771
772 781
773 774
773 775
773 791
774 773
774 1037
775 773
775 1138
776 777
776 778
776 788
776 801
777 770
777 776
777 941
778 770
778 776
778 779
778 802
779 769
779 778
779 780
779 803
780 771
780 779
780 781
780 799
781 772
781 780
781 782
781 804
782 764
782 781
782 783
782 805
783 767
783 782
783 784
783 806
784 765
784 783
784 785
785 768
785 784
785 786
785 807
786 785
786 787
786 810
787 786
788 776
788 789
788 800
789 788
790 791
790 793
790 943
791 773
791 790
791 943
792 793
792 800
792 941
792 976
793 790
793 792
793 942
794 795
794 796
795 794
795 986
796 794
796 797
796 798
796 988
797 796
797 906
797 989
798 734
798 796
798 988
798 989
799 780
799 803
799 804
799 813
800 788
800 792
800 801
801 776
801 800
801 802
801 816
802 778
802 801
802 803
802 818
803 779
803 799
803 802
803 819
804 669
804 781
804 799
804 805
805 668
805 782
805 804
805 806
806 783
806 805
806 807
806 814
807 785
807 806
807 808
807 815
808 807
808 809
808 810
808 1040
809 808
809 1232
809 1381
810 786
810 808
810 1041
811 812
812 811
812 953
812 976
813 669
813 799
813 819
813 924
814 668
814 806
814 815
814 826
815 807
815 814
815 1040
815 1118
816 801
816 817
816 820
817 816
818 802
818 819
818 820
819 803
819 813
819 818
819 925
820 816
820 818
820 978
820 980
821 822
821 823
821 1086
822 821
823 821
823 964
824 669
824 825
824 924
825 668
825 824
825 826
825 979
826 814
826 825
826 981
827 828
827 844
827 992
828 827
828 951
828 1046
829 830
829 837
829 1096
830 829
830 906
830 1114
831 832
831 835
831 836
832 831
832 834
832 989
833 834
833 835
833 1071
834 832
834 833
834 841
835 831
835 833
835 836
835 1083
836 831
836 835
836 837
837 829
837 836
837 842
838 839
838 840
838 871
839 838
839 1071
839 1072
840 838
840 841
840 848
841 834
841 840
841 996
842 837
842 859
842 863
843 844
843 857
843 1047
844 827
844 843
844 992
844 1046
845 846
845 853
845 926
846 845
846 1047
846 1048
847 848
847 849
847 852
848 840
848 847
848 996
848 1379
849 847
849 996
849 998
850 851
850 852
850 854
851 850
851 855
851 998
852 847
852 850
852 998
852 1142
853 215
853 845
853 1049
854 850
854 855
854 856
854 858
855 851
855 854
855 857
855 991
856 854
856 857
856 858
857 843
857 855
857 856
857 869
858 854
858 856
858 867
859 842
860 861
860 862
861 860
861 1096
861 1098
862 860
863 842
863 864
863 1091
864 863
864 1091
864 1093
865 866
865 868
865 872
865 971
866 214
866 865
866 869
866 999
867 858
867 868
867 870
867 882
868 865
868 867
868 869
868 881
869 148
869 857
869 866
869 868
870 867
871 838
872 865
872 873
872 970
873 872
873 972
873 974
873 999
874 875
874 876
874 893
875 874
875 964
875 1103
876 874
877 878
877 886
877 892
878 877
878 1083
878 1084
879 880
880 879
880 911
880 970
880 974
881 868
881 883
881 967
882 867
882 883
882 888
883 881
883 882
884 641
884 1063
885 886
885 887
885 909
886 877
886 885
886 909
887 885
888 882
888 889
888 897
889 888
889 1063
889 1064
890 891
890 892
891 890
892 877
892 890
893 874
893 894
893 904
894 893
894 1384
895 896
895 1002
895 1061
896 895
897 888
897 898
897 899
898 897
899 897
899 901
899 1065
900 901
900 902
901 899
901 900
902 900
903 904
903 905
903 960
903 1108
904 893
904 903
905 903
905 1108
905 1110
906 797
906 830
906 907
906 1114
907 906
908 909
909 885
909 886
909 908
909 2875
910 144
910 911
910 912
910 1059
911 880
911 910
911 912
911 1002
912 910
912 911
912 1003
912 1115
913 914
913 915
913 918
913 2496
914 913
914 1115
915 913
916 917
916 1088
917 736
917 916
917 1090
918 913
918 919
918 2495
919 918
919 1067
920 766
920 767
921 760
921 766
922 749
922 751
922 752
923 754
923 758
923 762
924 813
924 824
924 925
925 819
925 924
926 845
926 1044
927 928
927 929
927 1126
927 1274
928 927
928 1139
928 1281
929 927
929 1124
930 670
930 1017
930 1318
931 684
931 688
932 933
932 954
932 2505
933 932
934 935
934 937
934 1101
935 934
935 983
936 937
937 934
937 936
938 604
938 939
938 940
939 604
939 938
939 1006
940 488
940 604
940 938
941 777
941 792
941 942
942 793
942 941
942 943
943 790
943 791
943 942
943 944
944 943
944 1038
944 1128
945 946
946 945
946 1016
946 1017
946 1029
947 948
947 962
948 735
948 947
948 1010
949 950
949 951
949 1045
949 1281
950 949
950 1004
950 1123
951 828
951 949
951 952
951 953
952 951
952 978
953 812
953 951
953 992
954 932
954 956
954 2492
954 2707
955 541
955 956
955 957
955 1111
956 954
956 955
956 1112
957 578
957 579
957 955
958 959
958 960
958 2500
958 2729
959 958
959 1094
959 1095
960 903
960 958
961 697
961 705
961 1074
962 705
962 947
962 977
962 1010
963 680
963 705
963 1014
964 823
964 875
964 965
964 966
965 964
966 964
967 881
967 969
967 971
968 969
969 967
969 968
970 872
970 880
970 971
970 974
971 865
971 967
971 970
971 1050
972 873
972 973
972 974
972 975
973 972
974 873
974 880
974 970
974 972
975 972
975 999
975 1000
975 1001
976 792
976 812
976 978
977 730
977 962
978 820
978 952
978 976
978 980
979 825
979 980
979 1005
980 820
980 978
980 979
980 1123
981 826
981 982
981 1042
982 981
982 1118
983 935
983 984
983 985
983 1007
984 983
984 1087
985 983
985 1087
985 1088
985 1089
986 795
986 987
986 988
987 986
987 988
987 1113
988 796
988 798
988 986
988 987
989 797
989 798
989 832
989 990
990 734
990 989
991 855
991 992
991 993
992 827
992 844
992 953
992 991
993 991
994 677
994 995
994 1011
995 994
996 841
996 848
996 849
997 681
998 849
998 851
998 852
998 1141
999 866
999 873
999 975
1000 975
1000 1274
1000 1281
1001 975
1001 1246
1001 1310
1001 1311
1002 895
1002 911
1003 912
1003 1116
1003 2805
1004 950
1004 1005
1004 1119
1005 979
1005 1004
1005 1042
1005 1123
1006 939
1006 1007
1006 1008
1007 983
1007 1006
1007 1020
1008 1006
1008 1018
1008 1020
1009 702
1009 703
1009 735
1010 948
1010 962
1010 1011
1011 994
1011 1010
1011 1021
1012 677
1012 1013
1013 678
1013 680
1013 1012
1014 963
1014 1015
1014 1143
1015 675
1015 693
1015 1014
1016 673
1016 946
1016 1028
1017 671
1017 930
1017 946
1018 703
1018 1008
1018 1019
1019 1018
1020 1007
1020 1008
1021 1011
1022 704
1022 1023
1022 1030
1023 1022
1024 666
1025 609
1025 614
1025 1026
1026 696
1026 1025
1026 1131
1027 671
1027 1028
1027 1029
1028 1016
1028 1027
1029 946
1029 1027
1030 1022
1030 1031
1030 1032
1031 1030
1032 730
1032 1030
1032 1033
1033 1032
1034 740
1035 739
1035 1036
1035 1159
1036 1035
1037 774
1037 1038
1037 1039
1038 944
1038 1037
1038 1129
1039 1037
1040 808
1040 815
1041 810
1042 981
1042 1005
1042 1043
1043 1042
1044 926
1044 1045
1044 1046
1045 949
1045 1044
1045 1046
1045 1281
1046 828
1046 844
1046 1044
1046 1045
1047 149
1047 843
1047 846
1048 846
1049 853
1050 971
1051 1052
1051 1053
1052 1051
1052 1054
1052 1055
1053 1051
1054 1052
1054 1255
1055 1052
1056 1057
1056 1127
1056 1608
1057 1056
1057 1149
1057 1584
1057 1676
1058 1059
1058 1060
1058 2497
1059 910
1059 1058
1059 1371
1060 1058
1060 1301
1060 1371
1060 1372
1061 895
1061 1062
1062 1061
1063 884
1063 889
1063 1080
1064 889
1065 899
1065 1066
1065 1068
1066 1065
1067 919
1067 1068
1067 1069
1068 1065
1068 1067
1068 1070
1069 1067
1070 1068
1071 833
1071 839
1071 1073
1072 839
1073 1071
1074 961
1074 1075
1074 1076
1075 1074
1075 1077
1075 1078
1076 1074
1077 1075
1078 1075
1079 713
1079 714
1080 1063
1081 641
1081 1082
1081 1379
1082 1081
1083 835
1083 878
1083 1084
1084 878
1084 1083
1084 1085
1085 1084
1086 821
1087 736
1087 984
1087 985
1088 916
1088 985
1089 985
1090 917
1091 863
1091 864
1091 1092
1092 1091
1093 864
1094 959
1094 2867
1095 959
1096 829
1096 861
1096 1097
1097 1096
1097 1099
1098 861
1099 1097
1100 1101
1100 1102
1101 934
1101 1100
1102 1100
1103 875
1104 1105
1104 1106
1104 1384
1105 1104
1106 1104
1107 1108
1107 1109
1108 903
1108 905
1108 1107
1109 1107
1110 905
1110 1111
1110 1112
1111 955
1111 1110
1111 1112
1112 956
1112 1110
1112 1111
1113 987
1114 830
1114 906
1115 912
1115 914
1115 1117
1116 1003
1116 1117
1116 2502
1117 1115
1117 1116
1118 815
1118 982
1119 1004
1119 1120
1119 1139
1120 1119
1120 1121
1120 1122
1121 1120
1122 1120
1123 950
1123 980
1123 1005
1124 929
1124 1125
1125 1124
1126 927
1127 1056
1128 944
1129 1038
1129 1137
1130 671
1130 696
1130 1150
1130 1152
1131 700
1131 1026
1131 1309
1132 687
1132 691
1132 1133
1133 1132
1134 685
1134 1136
1135 694
1136 1134
1137 715
1137 1129
1137 1152
1138 775
1138 1159
1139 928
1139 1119
1140 609
1141 998
1142 852
1143 1014
1143 1144
1144 675
1144 1143
1145 1146
1145 1147
1145 3152
1146 1145
1146 1609
1146 1661
1146 3153
1147 1145
1148 61
1148 1149
1148 1151
1148 3159
1149 1057
1149 1148
1149 1661
1149 1675
1150 1130
1151 1148
1152 614
1152 1130
1152 1137
1153 1154
1153 1155
1153 1166
1154 1153
1154 3428
1154 3433
1155 1153
1156 1157
1156 1158
1156 3435
1157 1156
1157 1160
1157 1161
1158 1156
1159 716
1159 1035
1159 1138
1159 1162
1160 1157
1160 3404
1161 1157
1162 1159
1163 1164
1163 1165
1163 3312
1164 1163
1164 1168
1164 1169
1165 1163
1166 1153
1166 1167
1166 3460
1167 1166
1168 1164
1168 3601
1168 3602
1169 1164
1170 1171
1170 1172
1170 3315
1171 1170
1171 3159
1171 3266
1172 1170
1173 1174
1173 1175
1173 3204
1174 1173
1174 3191
1174 3335
1175 1173
1176 1177
1177 1176
1177 1318
1177 1319
1178 1179
1178 2683
1178 2789
1179 1178
1180 1181
1180 1184
1180 1330
1181 1180
1182 1183
1182 1185
1182 1188
1183 1182
1184 1180
1184 1185
1184 1206
1185 1182
1185 1184
1185 1328
1186 1187
1186 1188
1187 1186
1188 1182
1188 1186
1189 1190
1189 1191
1189 1199
1190 1189
1190 1376
1190 1377
1191 1189
1191 1194
1191 1196
1191 1376
1192 1193
1192 1194
1192 1195
1193 1192
1193 1375
1194 1191
1194 1192
1194 1196
1194 1375
1195 1192
1195 1196
1195 1197
1195 1332
1196 1191
1196 1194
1196 1195
1196 1200
1197 1195
1198 1199
1198 1200
1198 1207
1199 1189
1199 1198
1200 1196
1200 1198
1200 1201
1201 1200
1201 1203
1201 1204
1202 1203
1202 1204
1202 1205
1203 1201
1203 1202
1204 1201
1204 1202
1204 1332
1205 1202
1205 1332
1205 1333
1206 1184
1206 1210
1206 1223
1207 1198
1207 1208
1207 1218
1208 1207
1208 1209
1209 1208
1209 1217
1209 1220
1210 1206
1210 1211
1210 1222
1211 1210
1212 292
1212 1224
1212 1231
1213 1214
1213 1215
1213 1216
1213 1232
1214 1213
1214 1381
1214 1382
1215 1213
1216 1213
1217 1209
1218 1207
1218 1219
1218 1221
1219 1218
1220 1209
1220 1221
1220 1225
1221 1218
1221 1220
1221 1236
1222 1210
1222 1223
1222 1227
1223 1206
1223 1222
1223 1338
1223 1342
1224 1212
1224 1230
1224 1234
1225 1220
1225 1229
1225 1234
1225 1236
1226 1227
1226 1228
1226 1293
1226 1383
1227 1222
1227 1226
1228 1226
1229 1225
1229 1335
1229 1336
1230 1224
1230 1231
1230 1237
1231 1212
1231 1230
1231 1334
1232 809
1232 1213
1232 1233
1232 1349
1233 1232
1233 1344
1233 1350
1234 1224
1234 1225
1234 1235
1235 292
1235 1234
1235 1280
1236 1221
1236 1225
1236 1238
1237 1230
1238 1236
1238 1239
1238 1240
1238 1291
1239 1238
1239 1338
1239 1339
1240 1238
1240 1241
1240 1284
1241 1240
1242 1243
1242 1244
1242 1260
1243 1242
1243 1290
1243 1291
1243 1292
1244 1242
1244 1245
1244 1251
1245 1244
1245 1354
1245 1355
1246 1001
1246 1249
1246 1274
1246 1311
1247 1248
1247 1249
1247 1252
1248 1247
1248 1311
1249 1246
1249 1247
1249 1251
1249 1311
1250 1251
1250 1252
1250 1254
1251 1244
1251 1249
1251 1250
1251 1260
1252 1247
1252 1250
1253 1254
1253 1255
1253 1261
1254 1250
1254 1253
1255 1054
1255 1253
1255 1306
1256 1257
1256 1259
1256 1263
1257 1256
1257 1288
1257 1289
1257 1290
1258 1259
1258 1260
1258 1262
1259 1256
1259 1258
1260 1242
1260 1251
1260 1258
1260 1290
1261 1253
1261 1262
1261 1305
1262 1258
1262 1261
1262 1298
1263 1256
1263 1273
1263 1352
1264 1265
1264 1266
1264 1267
1265 1264
1266 1264
1266 1305
1266 1306
1266 1307
1267 1264
1267 1363
1267 1373
1268 1269
1268 1276
1268 1366
1269 1268
1269 1305
1269 1361
1270 1271
1270 1275
1270 1303
1271 1270
1271 1368
1271 1369
1271 1370
1272 1273
1272 3144
1273 1263
1273 1272
1273 1337
1274 927
1274 1000
1274 1246
1274 1294
1275 1270
1275 1363
1276 1268
1276 1277
1277 1276
1278 1279
1278 1287
1279 1278
1280 1235
1280 1308
1280 1316
1281 928
1281 949
1281 1000
1281 1045
1282 1283
1282 1288
1283 1282
1283 1289
1283 1314
1284 1240
1284 1286
1284 1287
1285 1286
1285 1313
1285 1314
1286 1284
1286 1285
1286 1291
1287 1278
1287 1284
1288 1257
1288 1282
1288 1295
1289 1257
1289 1283
1289 1312
1289 1313
1290 1243
1290 1257
1290 1260
1290 1312
1291 1238
1291 1243
1291 1286
1291 1339
1292 1243
1292 1293
1292 1294
1292 1359
1293 1226
1293 1292
1293 1347
1294 1274
1294 1292
1295 1288
1295 3144
1296 1297
1296 1298
1296 1352
1296 3051
1297 1296
1298 1262
1298 1296
1298 1299
1299 1298
1299 1300
1300 1299
1300 1305
1301 1060
1301 3056
1302 1303
1302 1304
1302 2882
1302 3049
1303 1270
1303 1302
1304 1302
1305 1261
1305 1266
1305 1269
1305 1300
1306 1255
1306 1266
1306 1362
1307 1266
1308 1280
1308 1335
1309 1131
1310 1001
1311 1001
1311 1246
1311 1248
1311 1249
1312 1289
1312 1290
1312 1313
1313 1285
1313 1289
1313 1312
1313 1314
1314 1283
1314 1285
1314 1313
1315 1316
1315 1317
1316 1280
1316 1315
1317 1315
1317 1327
1318 930
1318 1177
1318 1345
1319 1177
1319 1320
1320 1319
1320 1321
1321 1320
1321 1322
1322 1321
1322 1323
1322 1324
1323 1322
1324 1322
1325 1326
1326 1325
1326 1327
1327 1317
1327 1326
1328 1185
1329 1330
1329 1331
1329 1377
1330 1180
1330 1329
1331 1329
1332 1195
1332 1204
1332 1205
1333 1205
1334 1231
1335 1229
1335 1308
1336 1229
1337 1273
1338 1223
1338 1239
1338 1341
1339 1239
1339 1291
1339 1340
1339 1342
1340 1339
1341 1338
1342 1223
1342 1339
1342 1343
1343 1342
1344 1233
1344 1345
1344 1346
1345 1318
1345 1344
1345 1347
1345 1383
1346 1344
1346 1347
1346 1348
1346 1350
1347 1293
1347 1345
1347 1346
1348 1346
1349 1232
1349 1350
1349 1351
1350 1233
1350 1346
1350 1349
1351 1349
1352 1263
1352 1296
1352 1353
1353 1352
1354 1245
1354 1356
1355 1245
1356 1354
1356 1357
1356 1358
1357 1356
1357 1359
1357 1360
1358 1356
1359 1292
1359 1357
1360 1357
1361 1269
1362 1306
1363 1267
1363 1275
1363 1364
1364 1363
1365 1366
1365 1367
1365 1368
1366 1268
1366 1365
1367 1365
1368 1271
1368 1365
1369 1271
1370 1271
1371 1059
1371 1060
1372 1060
1373 1267
1373 1374
1373 3057
1374 1373
1375 1193
1375 1194
1375 1376
1376 1190
1376 1191
1376 1375
1377 1190
1377 1329
1377 1378
1378 1377
1379 848
1379 1081
1379 1380
1380 1379
1381 738
1381 809
1381 1214
1382 1214
1383 1226
1383 1345
1384 894
1384 1104
1385 1386
1385 1396
1385 1400
1386 1385
1386 1387
1386 1399
1387 278
1387 1386
1387 1390
1388 277
1388 301
1388 1392
1389 27
1389 1393
1389 1402
1390 277
1390 1387
1390 1394
1391 298
1391 1392
1391 1397
1392 1388
1392 1391
1392 1395
1392 1397
1393 47
1393 1389
1393 1401
1394 277
1394 1390
1394 1395
1395 1392
1395 1394
1395 1397
1396 1385
1396 1399
1396 1400
1397 1391
1397 1392
1397 1395
1398 300
1398 1409
1398 1613
1398 1888
1399 1386
1399 1396
1399 1406
1400 1385
1400 1396
1400 1405
1401 52
1401 64
1401 1393
1402 1389
1402 1418
1402 1425
1403 1404
1403 1430
1403 1793
1404 1403
1404 1409
1404 1613
1404 1943
1405 1400
1405 1406
1405 1417
1406 1399
1406 1405
1406 1618
1407 1408
1407 1432
1408 1407
1408 1422
1408 1617
1408 1670
1409 236
1409 1398
1409 1404
1409 1614
1410 1411
1410 1412
1410 1512
1411 1410
1411 1740
1411 1744
1412 1410
1413 236
1413 1420
1413 1433
1414 1415
1414 1418
1415 74
1415 1414
1415 1667
1416 64
1416 75
1416 1439
1417 1405
1417 1423
1417 1431
1418 1402
1418 1414
1418 1421
1419 662
1419 2206
1419 2210
1420 1413
1420 1422
1420 1438
1421 85
1421 1418
1421 1424
1422 1408
1422 1420
1422 1467
1423 1417
1423 1621
1424 1421
1424 1425
1424 1451
1425 1402
1425 1424
1425 1429
1426 1427
1426 2214
1426 2375
1427 1426
1427 1437
1427 2382
1428 1429
1428 1431
1428 1442
1429 1425
1429 1428
1429 1620
1429 1623
1430 1403
1430 1434
1430 1440
1431 1417
1431 1428
1431 1432
1432 1407
1432 1431
1432 1441
1433 1413
1433 1434
1433 1438
1434 1430
1434 1433
1434 1446
1435 1436
1435 1880
1435 1999
1436 1435
1436 1455
1436 1674
1437 1427
1437 1447
1437 2213
1438 1420
1438 1433
1438 1471
1439 82
1439 1416
1439 1443
1440 1430
1440 1446
1440 1795
1441 1432
1441 1458
1441 1715
1442 1428
1443 91
1443 1439
1443 1444
1444 1443
1444 1445
1444 1461
1445 1444
1445 1449
1445 1452
1446 1434
1446 1440
1446 1476
1447 1437
1448 529
1448 565
1449 1445
1449 1454
1449 1456
1450 1451
1450 1452
1450 1453
1450 1460
1451 1424
1451 1450
1451 1696
1452 86
1452 1445
1452 1450
1452 1470
1453 1450
1453 1462
1453 1626
1454 1449
1455 1436
1456 1449
1457 1458
1457 1459
1457 1464
1458 1441
1458 1457
1458 1622
1458 1625
1459 1457
1459 1715
1459 1716
1460 1450
1460 1462
1460 1469
1461 1444
1461 1463
1461 1472
1462 1453
1462 1460
1462 1480
1463 1461
1463 1468
1463 1470
1464 1457
1464 1478
1464 1669
1465 1466
1465 1467
1465 1471
1466 1465
1466 1669
1467 1422
1467 1465
1467 1670
1467 1718
1468 1463
1469 1460
1469 1470
1469 1479
1470 1452
1470 1463
1470 1469
1470 1488
1471 1438
1471 1465
1471 1477
1471 1508
1472 128
1472 1461
1472 1483
1472 1488
1473 1474
1473 1478
1473 1493
1474 1473
1474 1622
1475 1476
1475 1477
1475 1482
1475 1497
1476 1446
1476 1475
1476 1482
1476 1673
1477 1471
1477 1475
1477 1627
1477 1628
1478 1464
1478 1473
1478 1668
1479 1469
1479 1480
1479 1488
1480 1462
1480 1479
1481 1482
1481 1498
1481 1846
1482 1475
1482 1476
1482 1481
1482 1498
1483 1472
1484 1485
1484 1489
1484 1491
1485 1484
1485 1881
1485 1882
1486 1487
1486 1532
1487 1486
1487 1502
1488 1470
1488 1472
1488 1479
1488 1666
1489 1484
1490 1491
1490 1885
1490 3604
1491 1484
1491 1490
1491 1891
1492 566
1493 223
1493 1473
1494 1495
1494 1812
1494 1817
1495 1494
1496 222
1496 1501
1496 1506
1497 1475
1497 1498
1497 1631
1498 1481
1498 1482
1498 1497
1498 1672
1499 139
1500 223
1500 1501
1500 1507
1501 1496
1501 1500
1501 1637
1501 1638
1502 1487
1502 1515
1502 1726
1503 1504
1503 1508
1503 1729
1504 1503
1505 1506
1505 1637
1506 1496
1506 1505
1507 1500
1508 1471
1508 1503
1508 1731
1509 1510
1509 1515
1509 1726
1510 1509
1510 1722
1510 1725
1511 1512
1511 1513
1511 1514
1512 1410
1512 1511
1512 1728
1513 1511
1514 1511
1514 1515
1514 1525
1515 1502
1515 1509
1515 1514
1516 1517
1516 1518
1516 1648
1517 1516
1517 1639
1517 1640
1517 2005
1518 1516
1518 1519
1518 1533
1519 1518
1519 1534
1519 1644
1519 1645
1520 1521
1520 1522
1520 1523
1521 1520
1522 1520
1523 1520
1523 1524
1523 1530
1524 1523
1525 1514
1525 1535
1525 1536
1526 147
1526 221
1526 1555
1526 1646
1527 221
1527 1528
1527 1551
1528 1527
1528 1529
1528 1531
1529 1528
1530 1523
1530 1531
1530 1532
1531 1528
1531 1530
1531 1545
1532 1486
1532 1530
1532 1540
1533 1518
1533 1534
1533 1535
1534 1519
1534 1533
1534 1642
1534 1643
1535 1525
1535 1533
1535 1539
1535 1558
1536 1525
1536 1537
1536 1539
1536 1542
1537 1536
1538 220
1538 1546
1538 1553
1539 1535
1539 1536
1539 1541
1540 1532
1540 1730
1541 1539
1542 1536
1542 1543
1542 1572
1543 1542
1543 1566
1544 1545
1544 1548
1544 1569
1545 1531
1545 1544
1545 1552
1545 1651
1546 1538
1546 1549
1547 1548
1547 1552
1547 1562
1548 1544
1548 1547
1549 1546
1549 1550
1550 1549
1550 1551
1550 1552
1550 1560
1551 1527
1551 1550
1552 1545
1552 1547
1552 1550
1552 1650
1553 1538
1553 1555
1553 1593
1554 153
1554 1555
1554 1556
1555 1526
1555 1553
1555 1554
1555 1654
1556 1554
1556 1602
1557 1558
1557 1563
1557 1662
1558 1535
1558 1557
1558 1663
1558 1681
1559 1560
1559 1561
1559 1565
1560 1550
1560 1559
1560 1650
1560 1654
1561 1559
1561 1565
1561 1596
1562 1547
1562 1653
1563 1557
1563 1564
1563 1573
1564 1563
1564 1648
1564 1649
1564 1683
1565 1559
1565 1561
1565 1597
1566 1543
1566 1567
1566 1570
1567 1566
1567 1572
1567 1577
1568 1569
1568 1571
1568 1574
1569 1544
1569 1568
1569 1721
1570 1566
1570 1571
1570 1577
1571 1568
1571 1570
1571 1671
1571 3151
1572 1542
1572 1567
1572 1579
1573 1563
1573 1737
1573 1738
1574 1568
1575 1576
1575 1578
1575 1584
1576 1575
1576 1584
1576 1677
1577 1567
1577 1570
1577 1580
1578 1575
1578 1579
1578 1609
1579 1572
1579 1578
1579 1660
1579 3270
1580 1577
1580 1592
1581 1582
1581 1587
1581 1607
1582 1581
1582 1662
1582 1739
1583 1584
1583 1585
1583 1591
1584 1057
1584 1575
1584 1576
1584 1583
1585 1583
1585 1586
1585 1587
1586 1585
1586 1663
1586 1677
1586 1679
1587 1581
1587 1585
1587 1588
1588 1587
1589 1590
1590 1589
1590 1595
1590 1597
1591 1583
1591 1598
1591 3316
1592 1580
1592 3151
1593 1553
1594 1595
1594 3150
1594 3320
1595 1590
1595 1594
1595 3148
1595 3156
1596 1561
1596 1597
1596 3158
1597 1565
1597 1590
1597 1596
1598 1591
1599 1600
1599 1601
1599 1840
1600 1599
1600 1835
1600 1972
1600 1987
1601 1599
1602 228
1602 1556
1603 1604
1603 1610
1603 1768
1604 1603
1605 1606
1605 1633
1605 1635
1606 1605
1606 2226
1607 1581
1608 1056
1608 1609
1608 1661
1609 1146
1609 1578
1609 1608
1610 1603
1611 159
1611 1612
1612 1611
1613 1398
1613 1404
1614 1409
1615 1616
1615 1620
1615 1621
1616 297
1616 1615
1617 1408
1617 1618
1617 1619
1618 1406
1618 1617
1619 1617
1620 1429
1620 1615
1620 1621
1621 1423
1621 1615
1621 1620
1622 1458
1622 1474
1622 1623
1622 1624
1623 1429
1623 1622
1623 1624
1623 1626
1624 1622
1624 1623
1624 1629
1625 1458
1626 1453
1626 1623
1627 1477
1627 1630
1628 1477
1629 1624
1630 1627
1630 1631
1631 1497
1631 1630
1631 1632
1631 1644
1632 1631
1633 1605
1634 1635
1634 1641
1634 1858
1635 1605
1635 1634
1635 1854
1636 1637
1636 1646
1636 1668
1637 1501
1637 1505
1637 1636
1638 1501
1639 1517
1639 1640
1639 1845
1639 1983
1640 1517
1640 1639
1640 1846
1641 1634
1642 1534
1643 1534
1644 1519
1644 1631
1644 1735
1644 1736
1645 1519
1646 1526
1646 1636
1646 1647
1647 1646
1648 1516
1648 1564
1648 1649
1648 2007
1649 1564
1649 1648
1649 1681
1650 1552
1650 1560
1650 1653
1651 1545
1652 1653
1653 1562
1653 1650
1653 1652
1654 1555
1654 1560
1654 1655
1655 1654
1655 1658
1655 1659
1656 1657
1656 3259
1657 1656
1657 3260
1658 1655
1658 3259
1659 1655
1659 3273
1660 1579
1661 1146
1661 1149
1661 1608
1661 3146
1662 1557
1662 1582
1662 1663
1662 3263
1663 1558
1663 1586
1663 1662
1663 1680
1664 1665
1664 3322
1665 1664
1665 2025
1666 165
1666 227
1666 1488
1667 86
1667 1415
1668 1478
1668 1636
1668 1669
1668 1723
1669 1464
1669 1466
1669 1668
1669 1670
1670 1408
1670 1467
1670 1669
1671 1571
1672 1498
1673 1476
1674 1436
1675 1149
1675 3316
1676 1057
1676 3316
1676 3466
1677 1576
1677 1586
1677 1678
1678 1677
1679 1586
1680 1663
1681 1558
1681 1649
1681 1682
1682 1681
1683 1564
1683 1912
1683 2007
1683 2020
1684 47
1685 1686
1685 1688
1685 1827
1686 1685
1686 1816
1686 1831
1687 12
1687 32
1688 1685
1689 1690
1689 1695
1689 1854
1690 1689
1690 1698
1690 2008
1690 2031
1691 1692
1691 1693
1691 1694
1692 1691
1692 1828
1693 1691
1693 1694
1693 1697
1693 1872
1694 1691
1694 1693
1694 2030
1694 2226
1695 1689
1696 1451
1697 1693
1698 1690
1698 1699
1698 1700
1699 1698
1699 1704
1699 1851
1700 1698
1701 193
1701 1702
1701 1705
1702 1701
1702 2222
1702 2223
1703 1704
1703 1887
1703 2004
1704 1699
1704 1703
1704 2075
1705 1701
1706 559
1707 1708
1707 1709
1707 1710
1708 1707
1708 1784
1708 1955
1708 1965
1709 1707
1709 1710
1709 1711
1709 1958
1710 1707
1710 1709
1710 1809
1711 1709
1712 1713
1712 1714
1712 1717
1712 2359
1713 1712
1713 2135
1713 2348
1714 1712
1714 2107
1714 2348
1715 1441
1715 1459
1716 1459
1717 1712
1718 1467
1718 1719
1719 1718
1719 1720
1720 1719
1721 1569
1722 1510
1722 1723
1722 1724
1723 1668
1723 1722
1724 1722
1725 1510
1726 1502
1726 1509
1726 1727
1727 1726
1728 1512
1729 1503
1730 1540
1731 1508
1731 1732
1731 1740
1732 1731
1733 1734
1733 3570
1733 3571
1734 1733
1734 3572
1734 3586
1734 3797
1735 1644
1736 1644
1737 1573
1737 1738
1737 1930
1738 1573
1738 1737
1738 1930
1739 1582
1740 1411
1740 1731
1740 1741
1741 1740
1742 1743
1743 1742
1743 3589
1743 3719
1744 1411
1745 1746
1745 1747
1745 1757
1746 1745
1746 1755
1746 1762
1747 1745
1748 525
1748 1749
1748 1754
1749 403
1749 1748
1749 1754
1749 2043
1750 398
1750 1751
1750 1763
1751 1750
1752 1753
1752 1754
1752 1758
1753 1752
1753 1754
1753 1937
1753 2041
1754 1748
1754 1749
1754 1752
1754 1753
1755 1746
1755 1756
1755 1757
1756 376
1756 1755
1757 1745
1757 1755
1757 1758
1758 1752
1758 1757
1758 1779
1758 2041
1759 1760
1759 1761
1759 1772
1760 1759
1760 2041
1760 2138
1761 1759
1762 1746
1762 1764
1762 1773
1763 1750
1763 1766
1763 1767
1763 1961
1764 1762
1764 1765
1764 1766
1764 1946
1765 392
1765 1764
1765 1940
1765 1941
1766 1763
1766 1764
1766 1774
1767 1763
1767 1770
1767 1781
1768 1603
1768 1982
1769 357
1769 446
1769 2006
1770 1767
1770 1771
1770 1777
1771 1770
1771 1794
1771 1888
1772 1759
1772 1945
1773 1762
1774 1766
1775 1776
1775 1785
1775 1788
1776 1775
1776 1946
1776 1948
1776 1949
1777 1770
1777 1802
1777 1959
1778 1779
1778 1780
1778 1784
1779 1758
1779 1778
1779 2082
1780 1778
1780 1787
1780 1966
1781 1767
1782 1783
1782 2090
1783 1782
1783 1977
1783 2096
1784 1708
1784 1778
1784 1954
1785 1775
1785 1786
1785 1789
1785 2087
1786 1785
1786 1949
1787 1780
1788 1775
1788 1789
1788 1976
1789 1785
1789 1788
1789 1813
1790 1791
1790 1964
1791 1790
1791 1956
1791 2039
1791 2040
1792 1793
1792 1794
1792 1796
1793 1403
1793 1792
1793 1952
1793 1980
1794 1771
1794 1792
1794 1797
1794 1952
1795 1440
1796 1792
1796 1797
1796 1824
1797 1794
1797 1796
1797 1959
1797 1960
1798 1799
1798 1800
1798 1803
1799 1798
1800 1798
1800 1961
1800 2046
1801 1802
1801 1804
1801 1973
1802 1777
1802 1801
1802 1960
1802 1961
1803 1798
1803 1804
1803 1822
1804 1801
1804 1803
1804 2048
1805 1806
1805 1815
1806 1805
1806 2090
1807 1808
1807 1809
1807 2038
1808 1807
1808 2083
1808 2084
1809 1710
1809 1807
1810 1811
1810 1816
1810 1901
1811 1810
1811 2077
1812 1494
1812 1813
1812 1853
1812 1901
1813 1789
1813 1812
1814 1815
1814 1821
1814 1836
1815 1805
1815 1814
1815 1839
1815 1971
1816 1686
1816 1810
1816 1822
1817 1494
1817 1818
1817 1819
1818 1817
1818 2087
1818 2089
1819 1817
1819 1820
1819 1821
1820 1819
1821 1814
1821 1819
1821 1837
1822 1803
1822 1816
1822 1827
1823 1824
1823 1825
1823 1830
1824 1796
1824 1823
1825 1823
1825 1826
1826 1825
1826 1973
1827 1685
1827 1822
1827 1828
1828 1692
1828 1827
1828 1833
1829 1830
1830 1823
1830 1829
1830 2052
1831 1686
1832 1833
1832 1834
1832 2053
1833 1828
1833 1832
1834 1832
1834 2049
1835 1600
1835 1836
1835 1838
1836 1814
1836 1835
1836 1838
1836 1839
1837 1821
1837 1838
1837 1988
1838 1835
1838 1836
1838 1837
1838 1987
1839 1815
1839 1836
1839 1970
1840 1599
1840 1843
1840 1855
1841 1842
1841 1843
1841 1844
1842 1841
1842 2076
1842 2081
1843 1840
1843 1841
1843 2092
1844 1841
1844 1982
1844 2045
1845 1639
1845 1846
1845 1847
1846 1481
1846 1640
1846 1845
1846 1980
1847 1845
1847 1848
1847 1863
1848 1847
1848 2053
1848 2059
1849 1850
1849 1852
1849 1985
1850 1849
1850 1979
1850 1985
1850 1988
1851 1699
1851 1852
1851 1853
1852 1849
1852 1851
1852 2074
1853 1812
1853 1851
1853 2073
1854 1635
1854 1689
1854 2066
1855 1840
1855 1856
1855 1857
1856 1855
1856 1985
1856 1986
1856 1987
1857 1855
1857 1865
1857 1866
1858 1634
1858 1859
1858 1874
1859 1858
1859 1871
1859 1999
1859 2000
1860 1861
1860 1862
1860 1869
1861 1860
1862 1860
1862 1863
1862 1868
1863 1847
1863 1862
1863 2047
1864 1865
1864 2093
1864 2212
1865 1857
1865 1864
1865 1876
1865 1992
1866 1857
1866 1867
1866 1876
1867 1866
1868 358
1868 1862
1868 2028
1868 2029
1869 358
1869 1860
1869 1878
1870 1871
1870 1872
1870 1999
1871 1859
1871 1870
1872 1693
1872 1870
1872 2028
1872 2029
1873 1874
1873 2008
1873 2062
1874 1858
1874 1873
1874 2443
1875 1876
1875 1877
1875 1993
1876 1865
1876 1866
1876 1875
1876 1991
1877 1875
1877 2093
1877 2095
1878 1869
1879 1880
1879 1881
1879 1893
1880 1435
1880 1879
1880 2061
1881 1485
1881 1879
1881 1882
1881 1893
1882 1485
1882 1881
1882 2034
1882 2035
1883 1884
1883 1885
1883 1886
1884 1883
1884 2008
1884 2438
1885 1490
1885 1883
1885 2008
1885 2015
1886 1883
1886 1887
1886 2009
1887 1703
1887 1886
1887 1906
1887 2012
1888 1398
1888 1771
1888 1942
1888 1943
1889 1890
1889 1894
1889 1896
1890 1889
1890 2011
1890 2458
1891 1491
1891 1892
1891 1915
1892 1891
1892 1893
1892 1904
1893 1879
1893 1881
1893 1892
1893 2036
1894 1889
1894 1895
1894 2244
1895 1894
1895 1896
1895 1900
1896 1889
1896 1895
1897 1898
1897 1899
1897 1916
1897 2102
1898 1897
1898 2228
1899 1897
1899 2244
1899 2420
1900 1895
1900 1905
1900 1918
1901 1810
1901 1812
1901 1975
1901 1976
1902 1903
1902 1904
1902 1910
1903 1902
1903 2036
1903 2057
1904 1892
1904 1902
1904 2018
1904 2019
1905 1900
1905 1906
1905 1907
1906 1887
1906 1905
1906 1907
1906 2011
1907 1905
1907 1906
1907 2009
1907 2010
1908 1909
1908 1910
1908 1914
1909 1908
1909 2044
1910 1902
1910 1908
1910 1929
1911 1912
1911 1913
1911 1914
1912 1683
1912 1911
1912 2006
1912 2044
1913 1911
1914 1908
1914 1911
1915 1891
1915 1924
1916 1897
1916 1923
1916 2013
1917 1918
1917 1920
1917 1926
1917 2067
1918 1900
1918 1917
1918 2010
1918 2014
1919 1920
1919 1935
1919 2071
1920 1917
1920 1919
1920 2069
1921 1922
1921 1923
1921 2027
1922 1921
1922 2070
1922 2453
1923 1916
1923 1921
1923 2013
1923 2014
1924 1915
1925 1926
1926 1917
1926 1925
1926 2016
1926 2017
1927 1928
1927 1929
1927 3612
1928 1927
1928 2021
1928 2022
1928 2023
1929 1910
1929 1927
1929 2058
1930 1737
1930 1738
1930 2020
1931 1932
1931 1933
1931 3811
1932 1931
1933 1931
1933 2335
1933 2336
1934 1935
1934 2060
1934 2315
1935 1919
1935 1934
1935 2017
1935 2026
1936 400
1936 1942
1937 401
1937 1753
1937 1938
1937 1939
1938 1937
1939 660
1939 1937
1939 2110
1939 2346
1940 458
1940 1765
1940 2080
1941 1765
1942 405
1942 1888
1942 1936
1943 1404
1943 1888
1943 1952
1944 1945
1944 2033
1944 2351
1945 1772
1945 1944
1945 2351
1946 1764
1946 1776
1946 2079
1947 1948
1947 1961
1947 1976
1948 1776
1948 1947
1949 1776
1949 1786
1949 1950
1949 1951
1950 1949
1950 1951
1951 1949
1951 1950
1952 1793
1952 1794
1952 1943
1953 1954
1953 1955
1953 1956
1953 2040
1954 1784
1954 1953
1954 2042
1955 1708
1955 1953
1955 1958
1956 1791
1956 1953
1956 2033
1956 2042
1957 1958
1957 1963
1957 2039
1958 1709
1958 1955
1958 1957
1958 2040
1959 1777
1959 1797
1960 1797
1960 1802
1960 1973
1961 1763
1961 1800
1961 1802
1961 1947
1962 560
1962 1963
1962 1964
1963 1957
1963 1962
1963 2037
1963 2039
1964 1790
1964 1962
1964 2039
1965 1708
1965 1966
1965 1968
1966 1780
1966 1965
1966 1967
1966 2096
1967 1966
1968 1965
1968 1969
1968 1970
1968 2083
1969 1968
1970 1839
1970 1968
1970 1972
1971 1815
1972 1600
1972 1970
1972 1978
1973 1801
1973 1826
1973 1960
1973 1974
1974 1973
1975 1901
1976 1788
1976 1901
1976 1947
1976 2077
1977 1783
1978 1972
1979 1850
1980 1793
1980 1846
1980 1981
1981 1980
1982 1768
1982 1844
1982 1984
1983 1639
1984 1982
1985 1849
1985 1850
1985 1856
1985 1986
1986 1856
1986 1985
1986 2001
1987 1600
1987 1838
1987 1856
1988 1837
1988 1850
1988 2065
1989 1990
1989 1994
1989 1995
1990 1989
1990 2212
1990 2218
1990 2387
1991 1876
1991 1993
1991 2001
1992 1865
1993 1875
1993 1991
1993 1994
1993 2002
1994 1989
1994 1993
1994 1995
1995 1989
1995 1994
1995 2280
1996 428
1996 1997
1996 1998
1996 1999
1997 445
1997 1996
1997 2028
1998 445
1998 1996
1998 2006
1999 1435
1999 1859
1999 1870
1999 1996
2000 1859
2001 1986
2001 1991
2001 2011
2002 1993
2002 2003
2002 2104
2003 2002
2004 1703
2005 1517
2005 2006
2005 2007
2006 1769
2006 1912
2006 1998
2006 2005
2007 1648
2007 1683
2007 2005
2008 1690
2008 1873
2008 1884
2008 1885
2009 1886
2009 1907
2009 2068
2010 1907
2010 1918
2010 2015
2011 1890
2011 1906
2011 2001
2011 2012
2012 1887
2012 2011
2013 1916
2013 1923
2013 2336
2013 2392
2014 1918
2014 1923
2015 1885
2015 2010
2015 2018
2016 1926
2017 1926
2017 1935
2017 3606
2018 1904
2018 2015
2018 3611
2019 1904
2020 1683
2020 1930
2020 2025
2020 3374
2021 1928
2022 1928
2022 2024
2023 1928
2024 2022
2024 3613
2025 1665
2025 2020
2025 3767
2026 1935
2026 2027
2026 3605
2027 1921
2027 2026
2027 2099
2028 445
2028 1868
2028 1872
2028 1997
2029 1868
2029 1872
2029 2055
2030 1694
2031 1690
2032 2033
2032 2354
2033 1944
2033 1956
2033 2032
2033 2042
2034 1882
2034 2062
2034 2063
2035 1882
2036 427
2036 1893
2036 1903
2036 2044
2037 1963
2037 2038
2037 2085
2037 2162
2038 1807
2038 2037
2038 2085
2039 1791
2039 1957
2039 1963
2039 1964
2040 1791
2040 1953
2040 1958
2041 1753
2041 1758
2041 1760
2041 2138
2042 1954
2042 1956
2042 2033
2042 2139
2043 382
2043 454
2043 1749
2044 1909
2044 1912
2044 2036
2045 1844
2046 1800
2047 1863
2048 1804
2049 1834
2049 2050
2049 2051
2050 2049
2051 2049
2052 1830
2053 1832
2053 1848
2053 2054
2054 2053
2055 2029
2056 428
2057 1903
2058 1929
2059 1848
2060 1934
2060 3372
2061 1880
2062 1873
2062 2034
2062 2064
2063 2034
2064 2062
2065 1988
2066 1854
2067 1917
2068 2009
2069 1920
2070 1922
2070 2071
2070 2072
2071 1919
2071 2070
2071 2454
2072 2070
2073 1853
2074 1852
2075 1704
2076 1842
2076 2201
2076 2207
2077 1811
2077 1976
2077 2078
2078 2077
2079 1946
2080 1940
2081 1842
2082 1779
2083 1808
2083 1968
2083 2088
2084 1808
2085 2037
2085 2038
2085 2086
2085 2202
2086 2085
2087 1785
2087 1818
2088 2083
2089 1818
2090 1782
2090 1806
2090 2091
2091 2090
2092 1843
2093 1864
2093 1877
2093 2094
2094 2093
2095 1877
2096 1783
2096 1966
2097 2098
2097 2200
2097 3487
2098 2097
2098 2434
2098 3477
2099 2027
2099 2106
2100 2101
2100 2302
2100 2457
2101 2100
2101 2278
2101 2283
2102 1897
2102 2103
2102 2276
2103 2102
2104 2002
2104 2105
2104 2228
2105 2104
2106 2099
2107 1714
2107 2108
2107 2109
2107 2359
2108 2107
2109 554
2109 2107
2110 1939
2110 2111
2110 2116
2110 2121
2111 2110
2112 554
2112 2117
2113 2114
2113 2118
2113 2133
2114 587
2114 2113
2114 2341
2114 2342
2115 2116
2115 2122
2115 2429
2116 2110
2116 2115
2117 2112
2118 2113
2118 2119
2118 2349
2119 2118
2120 2121
2121 2110
2121 2120
2121 2122
2121 2128
2122 2115
2122 2121
2122 2137
2122 2429
2123 2124
2123 2125
2123 2129
2124 2123
2124 2349
2125 2123
2126 2127
2126 2128
2126 2136
2127 2126
2128 2121
2128 2126
2129 2123
2129 2130
2129 2131
2129 2362
2130 2129
2130 2132
2131 2129
2132 2130
2132 2361
2133 2113
2134 461
2134 2135
2134 2136
2135 1713
2135 2134
2135 2352
2135 2353
2136 2126
2136 2134
2136 2470
2137 2122
2138 1760
2138 2041
2138 2139
2139 2042
2139 2138
2139 2487
2140 2141
2140 2142
2140 2146
2141 2140
2142 2140
2143 2144
2143 2153
2143 2155
2144 460
2144 2143
2145 2146
2145 2147
2145 2161
2146 2140
2146 2145
2146 2350
2146 2368
2147 2145
2148 2149
2149 2148
2149 2159
2150 2151
2150 2439
2150 2441
2151 2150
2151 2437
2151 2440
2151 2825
2152 2153
2152 2154
2152 2157
2153 2143
2153 2152
2153 2154
2153 2489
2154 2152
2154 2153
2154 2490
2154 2491
2155 560
2155 2143
2155 2156
2156 2155
2157 2152
2157 2179
2157 2489
2158 2159
2158 2160
2158 2172
2159 2149
2159 2158
2159 2360
2159 2363
2160 2158
2161 322
2161 2145
2161 2199
2161 2368
2162 2037
2162 2163
2162 2202
2163 2162
2163 2164
2163 2165
2164 184
2164 2163
2164 3142
2165 559
2165 2163
2166 2167
2166 2172
2166 2177
2167 2166
2167 2364
2167 2365
2167 2366
2168 2169
2168 2170
2168 2171
2169 2168
2169 2368
2169 2439
2169 2441
2170 2168
2170 2441
2170 2442
2171 322
2171 2168
2171 2367
2171 2368
2172 2158
2172 2166
2172 2173
2173 2172
2173 2174
2173 2189
2174 2173
2175 2176
2175 2177
2175 2189
2176 2175
2176 2597
2176 2603
2176 2607
2177 2166
2177 2175
2177 2482
2178 2179
2178 2180
2178 2181
2179 2157
2179 2178
2179 2370
2179 2371
2180 2178
2181 2178
2181 2184
2181 2205
2182 2183
2182 2187
2182 2188
2183 2182
2184 2181
2184 2185
2184 2444
2185 2184
2185 2186
2185 2188
2186 2185
2187 2182
2188 2182
2188 2185
2188 2190
2189 2173
2189 2175
2189 2192
2190 2188
2191 2192
2192 2189
2192 2191
2193 321
2193 2194
2193 2195
2194 2193
2195 653
2195 2193
2195 2196
2196 2195
2197 324
2197 2444
2197 2445
2198 2199
2199 2161
2199 2198
2199 2479
2200 2097
2201 2076
2201 2202
2201 2203
2202 2085
2202 2162
2202 2201
2202 2386
2203 2201
2204 2205
2205 2181
2205 2204
2206 652
2206 1419
2207 2076
2207 2212
2207 2386
2208 2209
2208 2215
2209 2208
2210 1419
2210 2211
2210 2216
2211 2210
2212 1864
2212 1990
2212 2207
2213 1437
2213 2214
2213 2217
2214 1426
2214 2213
2214 2471
2215 2208
2215 2216
2215 2217
2216 2210
2216 2215
2217 2213
2217 2215
2217 2232
2218 1990
2218 2222
2218 2446
2219 210
2219 2220
2219 2221
2220 2219
2220 2455
2220 2456
2221 665
2221 2219
2221 2225
2222 1702
2222 2218
2222 2387
2222 2426
2223 1702
2223 2376
2223 2386
2223 2387
2224 187
2224 2378
2224 2383
2224 2385
2225 664
2225 2221
2225 2231
2226 1606
2226 1694
2226 2227
2227 2226
2228 1898
2228 2104
2228 2230
2229 190
2230 2228
2231 269
2231 2225
2231 2238
2232 2217
2232 2233
2232 2235
2233 2232
2233 2474
2234 2235
2234 2236
2234 2477
2234 2831
2235 2232
2235 2234
2235 2409
2236 2234
2237 2238
2237 2245
2237 2400
2238 2231
2238 2237
2239 2240
2239 2249
2239 2390
2240 2239
2241 2242
2241 2243
2241 2265
2241 2474
2242 2241
2243 2241
2243 2399
2244 1894
2244 1899
2245 2237
2245 2248
2245 2260
2246 2247
2246 2248
2246 2254
2247 2246
2247 2253
2248 2245
2248 2246
2249 2239
2250 179
2250 2251
2250 2258
2251 2250
2251 2384
2252 2253
2252 2254
2252 2260
2253 179
2253 2247
2253 2252
2254 2246
2254 2252
2255 431
2255 2256
2255 2257
2256 2255
2256 2477
2256 2478
2257 2255
2258 2250
2258 2259
2259 203
2259 2258
2259 2261
2260 2245
2260 2252
2260 2262
2261 200
2261 2259
2262 2260
2262 2268
2262 2269
2263 195
2263 199
2263 2388
2264 2265
2265 2241
2265 2264
2265 2398
2265 2401
2266 2267
2266 2268
2266 2275
2267 2266
2268 2262
2268 2266
2268 2293
2269 2262
2270 2271
2270 2272
2270 2283
2271 2270
2271 2272
2271 2391
2271 2425
2272 2270
2272 2271
2272 2388
2272 2424
2273 2274
2273 2432
2274 2273
2274 3643
2275 2266
2276 2102
2276 2277
2276 2448
2277 2276
2278 2101
2278 2279
2278 2280
2279 2278
2279 2448
2280 1995
2280 2278
2280 2390
2280 2391
2281 2282
2281 2285
2281 2679
2282 2281
2283 2101
2283 2270
2283 2297
2284 2285
2284 2329
2284 2407
2285 2281
2285 2284
2286 2287
2286 2288
2286 2289
2286 2309
2287 2286
2287 2290
2287 2291
2287 2310
2288 2286
2289 2286
2289 2407
2289 2408
2289 2409
2290 2287
2290 2291
2290 2398
2291 2287
2291 2290
2292 2293
2292 2294
2293 2268
2293 2292
2293 2467
2294 2292
2294 2468
2294 2469
2295 2296
2295 2297
2295 2461
2296 2295
2296 2422
2296 2424
2296 2463
2297 2283
2297 2295
2297 2424
2298 2299
2298 2300
2298 2308
2298 2321
2299 2298
2299 2414
2299 2415
2299 2416
2300 2298
2300 2389
2301 2302
2301 2303
2301 2402
2302 2100
2302 2301
2302 2433
2303 2301
2303 2304
2303 2405
2304 2303
2304 2461
2304 2462
2305 2306
2305 2307
2305 2308
2306 2305
2306 2307
2306 2396
2306 2397
2307 2305
2307 2306
2307 2317
2307 2395
2308 2298
2308 2305
2309 2286
2310 2287
2311 2312
2311 2316
2312 2311
2312 2313
2313 2312
2314 436
2314 453
2314 2315
2315 1934
2315 2314
2316 2311
2316 2317
2316 3815
2317 2307
2317 2316
2317 2393
2317 2394
2318 2319
2318 2320
2318 2324
2319 2318
2319 2404
2319 2427
2320 2318
2320 2402
2320 2403
2320 2404
2321 2298
2321 2323
2322 2323
2322 3809
2322 3830
2323 2321
2323 2322
2323 2417
2324 2318
2324 2325
2324 2333
2324 3827
2325 2324
2325 2327
2326 2327
2326 2335
2327 2325
2327 2326
2328 2329
2328 2330
2328 3820
2329 2284
2329 2328
2329 2408
2329 2795
2330 2328
2331 2332
2332 2331
2332 3580
2332 3589
2333 2324
2333 2334
2333 2427
2333 3828
2334 2333
2334 2337
2334 2464
2335 1933
2335 2326
2335 2403
2335 2411
2336 1933
2336 2013
2336 2459
2337 2334
2337 2338
2337 3825
2338 2337
2338 2412
2339 2340
2339 2343
2340 576
2340 2339
2341 550
2341 2114
2342 2114
2342 2357
2343 2339
2343 2344
2343 2347
2344 2343
2344 2706
2345 584
2345 622
2345 2348
2346 1939
2347 2343
2347 2634
2348 1713
2348 1714
2348 2345
2349 586
2349 2118
2349 2124
2349 2350
2350 2146
2350 2349
2351 1944
2351 1945
2352 2135
2353 2135
2354 2032
2355 2356
2356 2355
2356 2359
2357 2342
2358 560
2359 1712
2359 2107
2359 2356
2360 2159
2361 2132
2361 2362
2361 2363
2361 2364
2362 2129
2362 2361
2363 2159
2363 2361
2364 2167
2364 2361
2365 2167
2366 2167
2366 2483
2367 2171
2368 2146
2368 2161
2368 2169
2368 2171
2369 2370
2369 2372
2370 2179
2370 2369
2370 2489
2371 2179
2372 2369
2372 2376
2373 2374
2373 2375
2373 2758
2374 2373
2374 2822
2374 2824
2375 1426
2375 2373
2376 2223
2376 2372
2376 2378
2377 2399
2378 327
2378 2224
2378 2376
2379 324
2379 327
2379 3070
2380 327
2381 2382
2382 1427
2382 2381
2382 2758
2383 2224
2383 2384
2384 2251
2384 2383
2385 2224
2386 2202
2386 2207
2386 2223
2386 2387
2387 1990
2387 2222
2387 2223
2387 2386
2388 2263
2388 2272
2388 2389
2388 2391
2389 2300
2389 2388
2390 2239
2390 2280
2391 2271
2391 2280
2391 2388
2391 2426
2392 2013
2392 2485
2393 2317
2394 2317
2394 2398
2394 2410
2395 2307
2396 2306
2397 2306
2398 2265
2398 2290
2398 2394
2398 2468
2399 2243
2399 2377
2399 2400
2399 2401
2400 2237
2400 2399
2400 2472
2401 2265
2401 2399
2402 2301
2402 2320
2403 2320
2403 2335
2404 2319
2404 2320
2404 2405
2404 2406
2405 2303
2405 2404
2405 2423
2406 2404
2406 2421
2406 2423
2406 2427
2407 2284
2407 2289
2407 2476
2408 2289
2408 2329
2408 2410
2409 2235
2409 2289
2410 2394
2410 2408
2410 2418
2411 2335
2411 3812
2412 2338
2412 2413
2412 2415
2413 2412
2414 2299
2414 2465
2415 2299
2415 2412
2416 2299
2417 2323
2418 2410
2418 2419
2418 3819
2418 3822
2419 2418
2420 1899
2421 2406
2421 2486
2422 2296
2422 2465
2423 2405
2423 2406
2423 2462
2424 2272
2424 2296
2424 2297
2424 2460
2425 2271
2426 2222
2426 2391
2426 2446
2426 2447
2427 2319
2427 2333
2427 2406
2428 2429
2428 2430
2429 2115
2429 2122
2429 2428
2430 2428
2431 461
2432 2273
2433 2302
2434 2098
2434 2435
2434 2488
2435 2434
2435 3456
2435 3603
2436 2437
2436 3140
2437 2151
2437 2436
2437 2441
2438 1884
2439 2150
2439 2169
2440 2151
2441 2150
2441 2169
2441 2170
2441 2437
2442 2170
2443 1874
2444 2184
2444 2197
2445 2197
2446 2218
2446 2426
2447 2426
2448 2276
2448 2279
2448 2449
2449 2448
2450 187
2450 204
2451 204
2452 665
2453 1922
2454 2071
2455 326
2455 2220
2456 2220
2457 2100
2458 1890
2459 2336
2460 2424
2461 2295
2461 2304
2461 2463
2462 2304
2462 2423
2462 2463
2463 2296
2463 2461
2463 2462
2464 2334
2465 2414
2465 2422
2465 2466
2466 2465
2467 2293
2468 2294
2468 2398
2469 2294
2470 2136
2471 2214
2472 666
2472 2400
2472 2473
2473 2472
2474 2233
2474 2241
2474 2475
2475 2474
2476 2407
2477 2234
2477 2256
2478 2256
2479 2199
2479 2484
2480 2481
2480 2827
2481 2480
2482 2177
2483 2366
2483 2575
2483 2597
2483 2739
2484 2479
2485 2392
2486 2421
2487 2139
2488 2434
2489 185
2489 2153
2489 2157
2489 2370
2490 2154
2491 2154
2492 954
2492 2493
2492 2809
2493 2492
2494 2495
2494 2496
2494 2501
2494 2869
2495 918
2495 2494
2496 913
2496 2494
2497 1058
2497 2498
2497 2504
2498 2497
2499 2500
2499 2503
2500 958
2500 2499
2500 2810
2501 2494
2501 2502
2501 2508
2502 1116
2502 2501
2502 2719
2502 2805
2503 2499
2504 2497
2504 2717
2504 2887
2505 932
2505 2506
2505 2512
2506 2505
2507 2508
2507 2510
2507 2517
2508 2501
2508 2507
2508 2798
2509 2510
2510 2507
2510 2509
2510 2763
2510 2798
2511 2512
2511 2720
2512 2505
2512 2511
2512 2707
2512 2716
2513 2514
2513 2515
2513 2518
2514 2513
2514 2712
2514 2713
2514 2714
2515 2513
2515 2516
2515 2525
2516 2515
2517 2507
2517 2529
2517 2560
2518 2513
2518 2530
2518 2546
2519 2520
2519 2521
2519 2525
2520 2519
2521 2519
2522 2523
2522 2524
2522 2526
2523 2522
2524 2522
2524 2730
2524 2731
2524 2732
2525 2515
2525 2519
2525 2530
2526 2522
2526 2744
2527 2528
2527 2529
2528 2527
2529 2517
2529 2527
2530 2518
2530 2525
2530 2533
2531 2532
2531 2587
2532 2531
2532 2598
2533 2530
2533 2534
2533 2540
2533 2548
2534 2533
2534 2535
2534 2540
2535 2534
2536 2537
2536 2551
2537 2536
2537 2720
2538 2539
2538 2718
2538 2894
2539 2538
2539 2717
2540 2533
2540 2534
2540 2541
2540 2554
2541 2540
2541 2542
2541 2556
2542 2541
2542 2563
2543 2544
2543 2558
2543 2907
2544 2543
2544 2907
2545 2546
2545 2547
2545 2549
2546 2518
2546 2545
2546 2550
2546 2734
2547 2545
2547 2733
2547 2735
2547 2738
2548 2533
2548 2549
2548 2550
2549 2545
2549 2548
2549 2550
2549 2598
2550 2546
2550 2548
2550 2549
2551 2536
2552 2553
2552 2554
2552 2568
2553 2552
2554 2540
2554 2552
2554 2555
2554 2568
2555 2554
2555 2556
2555 2567
2556 2541
2556 2555
2557 2558
2557 2571
2557 2573
2558 2543
2558 2557
2559 2560
2560 2517
2560 2559
2560 2803
2561 2562
2561 2569
2562 2561
2563 2542
2563 2567
2564 2565
2564 2566
2564 2588
2565 2564
2565 2744
2566 2564
2566 2724
2566 2739
2566 2740
2567 2555
2567 2563
2567 2579
2568 2552
2568 2554
2568 2569
2569 2561
2569 2568
2570 2571
2570 2574
2571 2557
2571 2570
2572 2573
2572 2574
2572 2581
2573 2557
2573 2572
2574 2570
2574 2572
2575 2483
2575 2576
2575 2577
2576 2575
2577 2575
2578 2579
2578 2580
2578 2582
2579 2567
2579 2578
2580 2578
2581 2572
2582 2578
2582 2585
2582 2605
2583 2584
2583 2588
2583 2594
2584 2583
2585 2582
2585 2586
2585 2587
2586 2585
2586 2741
2586 2747
2586 2748
2587 2531
2587 2585
2588 2564
2588 2583
2588 2596
2589 2590
2590 2589
2590 2635
2590 2747
2590 2871
2591 2592
2591 2593
2591 2600
2592 2591
2592 2811
2593 2591
2593 2739
2594 2583
2595 2596
2595 2750
2595 2815
2596 2588
2596 2595
2596 2817
2597 2176
2597 2483
2597 2818
2598 2532
2598 2549
2598 2735
2599 2600
2599 2601
2599 2691
2599 2827
2600 2591
2600 2599
2601 2599
2601 2812
2601 2813
2602 2603
2602 2604
2603 2176
2603 2602
2604 2602
2605 2582
2605 2608
2606 2607
2606 2610
2606 2821
2607 2176
2607 2606
2608 2605
2608 2804
2609 2610
2609 2611
2609 2615
2610 2606
2610 2609
2610 2819
2611 2609
2612 2613
2612 2614
2612 2615
2613 2612
2613 2691
2614 2612
2615 2609
2615 2612
2616 2617
2616 2618
2617 2616
2617 2757
2618 2616
2618 2755
2619 2620
2619 2621
2619 2850
2620 2619
2620 2621
2620 2749
2620 2841
2621 2619
2621 2620
2621 2765
2622 2623
2622 2624
2622 2632
2623 2622
2624 2622
2624 2768
2625 2626
2625 2629
2625 2641
2626 2625
2626 2748
2626 2752
2626 2754
2627 2628
2627 2631
2627 2774
2628 2627
2628 2759
2628 2760
2628 2761
2629 2625
2629 2630
2629 2645
2630 2629
2631 2627
2631 2807
2632 2622
2633 2634
2633 2707
2634 2347
2634 2633
2634 2706
2635 2590
2635 2636
2635 2745
2635 2748
2636 2635
2637 2638
2637 2639
2637 2854
2638 2637
2638 2860
2639 2637
2640 2641
2640 2644
2640 2646
2640 2782
2641 2625
2641 2640
2641 2752
2641 2771
2642 2643
2642 2644
2642 2645
2642 2784
2643 2642
2643 2854
2643 2855
2644 2640
2644 2642
2645 2629
2645 2642
2645 2765
2646 2640
2646 2647
2646 2806
2647 2646
2647 2862
2648 2649
2648 2650
2648 2780
2649 2648
2649 2781
2650 2648
2650 2828
2650 2829
2651 2652
2651 2653
2651 3047
2652 2651
2652 2873
2652 2874
2653 2651
2653 2654
2653 2657
2654 2653
2654 2876
2654 2877
2655 2656
2655 2672
2655 2778
2656 2655
2656 2831
2656 2832
2657 2653
2657 2658
2657 2662
2658 2657
2658 2659
2658 2662
2659 2658
2659 2806
2659 2878
2660 2661
2660 2666
2660 2696
2661 2660
2661 2784
2662 2657
2662 2658
2662 2673
2662 2674
2663 2664
2663 2665
2663 2847
2664 2663
2664 2772
2664 2780
2664 2781
2665 2663
2665 2668
2665 2843
2666 2660
2667 2668
2667 2669
2667 2671
2668 2665
2668 2667
2668 2781
2669 2667
2669 2778
2669 2779
2669 2781
2670 2671
2670 2672
2671 2667
2671 2670
2671 2834
2672 2655
2672 2670
2672 2833
2673 2662
2673 2674
2673 2685
2674 2662
2674 2673
2674 2879
2675 2676
2676 2675
2676 2849
2677 2678
2677 2794
2678 2677
2679 2281
2679 2794
2679 2795
2679 2796
2680 2681
2680 2683
2680 2845
2681 2680
2682 2683
2683 1178
2683 2680
2683 2682
2683 2792
2684 2685
2684 2690
2684 2880
2685 2673
2685 2684
2685 2790
2685 3025
2686 2687
2686 2688
2686 2692
2687 2686
2687 2696
2687 2783
2687 2788
2688 2686
2688 2689
2688 2692
2689 2688
2689 2696
2690 2684
2691 2599
2691 2613
2692 2686
2692 2688
2692 2697
2693 2694
2693 2695
2694 2693
2695 2693
2695 2697
2696 2660
2696 2687
2696 2689
2696 2787
2697 2692
2697 2695
2697 2698
2698 2697
2698 2699
2698 2852
2699 2698
2700 2701
2700 2702
2700 2837
2701 2700
2701 2801
2702 2700
2702 2799
2703 2704
2703 2705
2703 2835
2704 2703
2704 2837
2704 2838
2705 2703
2705 2839
2706 2344
2706 2634
2707 954
2707 2512
2707 2633
2708 2709
2708 2710
2708 2711
2709 2708
2710 2708
2710 2715
2710 2733
2711 2708
2712 2514
2712 2714
2712 2715
2713 2514
2713 2715
2713 2734
2714 2514
2714 2712
2715 2710
2715 2712
2715 2713
2715 2734
2716 2512
2716 2720
2716 2728
2717 2504
2717 2539
2717 2718
2717 2894
2718 2538
2718 2717
2718 2797
2719 2502
2720 2511
2720 2537
2720 2716
2720 2721
2721 2720
2722 2723
2722 2865
2723 2722
2723 2725
2723 2726
2724 2566
2724 2725
2724 2727
2724 2730
2725 2723
2725 2724
2725 2731
2726 2723
2726 2866
2726 2868
2727 2724
2727 2728
2727 2729
2728 2716
2728 2727
2728 2729
2729 958
2729 2727
2729 2728
2730 2524
2730 2724
2730 2744
2731 2524
2731 2725
2731 2865
2731 2875
2732 2524
2733 2547
2733 2710
2733 2734
2734 2546
2734 2713
2734 2715
2734 2733
2735 2547
2735 2598
2735 2736
2735 2737
2736 2735
2737 2735
2738 2547
2738 2907
2739 2483
2739 2566
2739 2593
2740 2566
2741 2586
2741 2742
2741 2743
2742 2741
2743 2741
2744 2526
2744 2565
2744 2730
2744 2745
2745 2635
2745 2744
2745 2746
2746 2745
2746 2749
2746 2765
2747 2586
2747 2590
2748 2586
2748 2626
2748 2635
2749 2620
2749 2746
2749 2750
2749 2751
2750 2595
2750 2749
2751 2749
2752 2626
2752 2641
2752 2753
2753 2752
2753 2761
2753 2773
2754 2626
2755 2618
2755 2756
2755 2757
2755 3078
2756 2755
2757 2617
2757 2755
2758 2373
2758 2382
2758 2767
2759 2628
2759 2760
2759 2762
2759 2763
2760 2628
2760 2759
2760 3078
2761 2628
2761 2753
2761 2774
2761 2804
2762 2759
2763 2510
2763 2759
2763 2803
2763 2804
2764 2765
2765 2621
2765 2645
2765 2746
2765 2764
2766 2767
2766 2768
2766 2772
2767 2758
2767 2766
2768 2624
2768 2766
2768 2769
2768 2770
2769 2768
2769 2770
2769 2841
2770 2768
2770 2769
2771 2641
2772 2664
2772 2766
2772 2776
2773 2753
2773 2774
2773 2775
2773 2863
2774 2627
2774 2761
2774 2773
2774 2807
2775 2773
2776 2772
2776 2777
2776 2787
2777 2776
2778 2655
2778 2669
2778 2830
2779 2669
2780 2648
2780 2664
2781 2649
2781 2664
2781 2668
2781 2669
2782 2640
2782 2783
2782 2784
2782 2788
2783 2687
2783 2782
2783 2786
2784 2642
2784 2661
2784 2782
2784 2785
2785 2784
2786 2783
2786 2791
2786 2793
2787 2696
2787 2776
2787 2789
2788 2687
2788 2782
2789 1178
2789 2787
2790 2685
2790 2791
2790 2808
2791 2786
2791 2790
2791 2806
2791 2808
2792 2683
2793 2786
2794 2677
2794 2679
2795 2329
2795 2679
2796 2679
2797 2718
2797 2798
2797 2805
2798 2508
2798 2510
2798 2797
2798 2805
2799 2702
2799 2800
2799 2845
2800 2799
2801 2701
2801 2802
2802 2801
2803 2560
2803 2763
2804 2608
2804 2761
2804 2763
2805 1003
2805 2502
2805 2797
2805 2798
2806 2646
2806 2659
2806 2791
2806 2807
2807 2631
2807 2774
2807 2806
2808 2790
2808 2791
2809 2492
2810 2500
2811 2592
2812 2601
2812 2813
2812 2815
2813 2601
2813 2812
2813 2814
2814 2813
2815 2595
2815 2812
2815 2816
2816 2815
2817 2596
2818 2597
2819 2610
2819 2820
2819 2821
2820 2819
2821 2606
2821 2819
2821 2822
2822 2374
2822 2821
2822 2823
2823 2822
2824 2374
2825 2151
2825 2826
2826 2825
2827 2480
2827 2599
2828 2650
2829 2650
2830 2778
2831 2234
2831 2656
2832 2656
2833 2672
2834 2671
2835 2703
2835 2836
2836 2835
2837 2700
2837 2704
2838 2704
2839 2705
2839 2840
2840 2839
2841 2620
2841 2769
2842 2843
2842 2844
2843 2665
2843 2842
2844 2842
2845 2680
2845 2799
2845 2846
2846 2845
2847 2663
2847 2848
2848 2847
2848 2849
2849 2676
2849 2848
2850 2619
2850 2851
2850 2858
2851 2850
2852 2698
2852 2853
2853 2852
2854 2637
2854 2643
2855 2643
2855 2856
2855 2857
2856 2855
2857 2855
2858 2850
2858 2859
2858 2860
2859 2858
2860 2638
2860 2858
2860 2861
2861 2860
2862 2647
2862 2863
2862 2864
2863 2773
2863 2862
2864 2862
2865 2722
2865 2731
2865 2868
2866 2726
2866 2867
2866 2868
2867 1094
2867 2866
2868 2726
2868 2865
2868 2866
2868 2875
2869 2494
2869 2870
2870 2869
2871 2590
2871 2872
2872 2871
2873 2652
2874 2652
2875 909
2875 2731
2875 2868
2876 2654
2877 2654
2878 2659
2879 2674
2880 2684
2880 2881
2880 3022
2881 2880
2882 1302
2882 2883
2882 2884
2883 2882
2883 2884
2883 2885
2884 2882
2884 2883
2884 3113
2885 2883
2885 2886
2885 3063
2886 2885
2887 2504
2887 2888
2887 2889
2888 2887
2888 3072
2888 3111
2888 3112
2889 2887
2889 3064
2890 2891
2890 2892
2890 2893
2891 2890
2891 2912
2892 2890
2893 2890
2893 2895
2894 2538
2894 2717
2894 3072
2894 3073
2895 2893
2895 2896
2895 2897
2896 2895
2897 2895
2897 2900
2897 2901
2898 2899
2898 2900
2898 3114
2899 2898
2900 2897
2900 2898
2900 3115
2901 2897
2901 2902
2901 2910
2902 2901
2903 2904
2903 2925
2904 2903
2904 2924
2904 2925
2905 2906
2905 2908
2906 2905
2906 2908
2906 2911
2907 2543
2907 2544
2907 2738
2908 2905
2908 2906
2908 2916
2909 2910
2909 2911
2909 2914
2910 2901
2910 2909
2911 2906
2911 2909
2911 3069
2911 3076
2912 2891
2912 3062
2912 3066
2913 2914
2913 2915
2913 3075
2914 2909
2914 2913
2914 3074
2914 3076
2915 2913
2916 2908
2917 2918
2917 2919
2917 2928
2918 2917
2919 2917
2919 2920
2919 2921
2919 2955
2920 2919
2920 3075
2920 3076
2920 3077
2921 2919
2921 2923
2921 3117
2922 2923
2923 2921
2923 2922
2924 2904
2924 3104
2925 2903
2925 2904
2925 2926
2925 2928
2926 2925
2926 2927
2926 2934
2927 2926
2928 2917
2928 2925
2928 2939
2929 2930
2929 2931
2929 2933
2930 2929
2930 3137
2930 3138
2931 2929
2931 2932
2931 3082
2932 2931
2933 2929
2933 2937
2933 2942
2934 2926
2934 3110
2935 2936
2935 2937
2935 2941
2936 2935
2937 2933
2937 2935
2937 2945
2938 2939
2938 2940
2938 2943
2939 2928
2939 2938
2939 3080
2939 3110
2940 2938
2941 2935
2942 2933
2943 2938
2943 2944
2943 2958
2944 2943
2945 2937
2945 2946
2945 2951
2946 2945
2946 2947
2946 2949
2947 2946
2948 2949
2948 2950
2948 2964
2949 2946
2949 2948
2949 3135
2950 2948
2951 2945
2951 2952
2951 2960
2951 2961
2952 2951
2953 2954
2953 2955
2953 2956
2953 2962
2954 2953
2954 2962
2954 3046
2955 2919
2955 2953
2955 3078
2955 3080
2956 2953
2956 2957
2956 2958
2957 2956
2958 2943
2958 2956
2958 2959
2959 2958
2960 2951
2961 2951
2962 2953
2962 2954
2962 3119
2963 2964
2963 2965
2963 2966
2964 171
2964 2948
2964 2963
2964 3082
2965 2963
2965 3082
2966 2963
2966 2967
2966 2969
2967 2966
2967 2968
2967 2971
2967 2972
2968 2967
2969 2966
2969 2970
2969 2971
2970 2969
2971 2967
2971 2969
2971 2983
2972 2967
2972 2974
2972 2994
2973 2974
2973 2975
2973 3108
2974 2972
2974 2973
2974 3083
2974 3108
2975 2973
2975 2976
2975 2998
2976 2975
2976 2979
2976 2987
2977 2978
2977 2979
2977 3089
2978 2977
2978 3119
2978 3121
2979 2976
2979 2977
2979 2985
2980 2981
2980 2986
2980 3125
2981 2980
2982 2983
2982 2984
2982 2988
2982 3129
2983 2971
2983 2982
2983 3128
2984 2982
2984 3125
2984 3127
2985 2979
2985 3087
2986 2980
2987 2976
2988 2982
2988 2989
2988 2992
2989 2988
2990 2991
2990 2992
2990 2993
2991 2990
2991 3123
2991 3124
2992 2988
2992 2990
2992 3122
2993 2990
2993 3106
2994 2972
2995 2996
2995 2997
2995 2999
2996 2995
2997 2995
2997 3085
2997 3091
2997 3101
2998 2975
2999 2995
2999 3000
2999 3003
3000 2999
3000 3105
3001 3002
3002 3001
3002 3088
3002 3090
3002 3092
3003 2999
3003 3004
3003 3010
3004 3003
3005 3006
3005 3016
3006 3005
3006 3087
3007 3008
3007 3009
3007 3012
3008 3007
3009 3007
3010 3003
3010 3011
3010 3019
3011 3010
3012 3007
3012 3013
3012 3026
3013 3012
3013 3085
3013 3093
3014 3015
3014 3016
3014 3017
3014 3036
3015 3014
3015 3024
3016 3005
3016 3014
3016 3131
3017 3014
3018 3019
3018 3023
3018 3027
3019 3010
3019 3018
3019 3130
3020 3021
3020 3022
3020 3034
3021 3020
3022 2880
3022 3020
3023 3018
3023 3029
3023 3033
3024 3015
3024 3025
3024 3031
3025 2685
3025 3024
3025 3087
3025 3089
3026 3012
3026 3027
3026 3030
3027 3018
3027 3026
3028 3029
3029 3023
3029 3028
3029 3040
3029 3102
3030 3026
3030 3032
3031 3024
3032 3030
3032 3033
3032 3045
3033 3023
3033 3032
3033 3039
3034 3020
3034 3035
3034 3041
3035 3034
3035 3036
3035 3042
3036 3014
3036 3035
3036 3038
3036 3094
3037 3038
3037 3096
3037 3100
3038 3036
3038 3037
3038 3088
3038 3095
3039 3033
3039 3040
3039 3044
3040 3029
3040 3039
3040 3044
3040 3100
3041 3034
3041 3042
3041 3132
3042 3035
3042 3041
3043 3044
3044 3039
3044 3040
3044 3043
3045 3032
3046 2954
3046 3047
3047 2651
3047 3046
3047 3048
3048 3047
3049 1302
3049 3050
3050 3049
3050 3051
3051 1296
3051 3050
3051 3052
3052 3051
3052 3053
3052 3054
3053 3052
3053 3055
3054 3052
3054 3055
3054 3068
3055 3053
3055 3054
3055 3143
3056 1301
3056 3057
3056 3058
3056 3064
3057 1373
3057 3056
3058 3056
3058 3060
3059 3060
3059 3061
3059 3065
3060 3058
3060 3059
3060 3063
3061 3059
3062 2912
3062 3063
3062 3065
3062 3066
3063 2885
3063 3060
3063 3062
3064 2889
3064 3056
3065 3059
3065 3062
3065 3111
3066 2912
3066 3062
3067 3068
3067 3069
3068 3054
3068 3067
3069 2911
3069 3067
3070 2379
3070 3071
3071 3070
3072 2888
3072 2894
3073 2894
3073 3074
3074 2914
3074 3073
3075 2913
3075 2920
3075 3116
3076 2911
3076 2914
3076 2920
3077 2920
3078 2755
3078 2760
3078 2955
3079 3080
3080 2939
3080 2955
3080 3079
3081 171
3081 3098
3082 2931
3082 2964
3082 2965
3082 3083
3083 2974
3083 3082
3083 3103
3083 3110
3084 170
3084 3086
3085 2997
3085 3013
3085 3086
3086 3084
3086 3085
3086 3101
3087 2985
3087 3006
3087 3025
3087 3088
3088 3002
3088 3038
3088 3087
3089 2977
3089 3025
3089 3134
3090 3002
3090 3092
3090 3107
3090 3109
3091 2997
3092 3002
3092 3090
3092 3102
3092 3106
3093 3013
3093 3136
3094 3036
3095 3038
3096 3037
3096 3097
3096 3099
3097 3096
3098 3081
3098 3103
3099 3096
3099 3100
3100 3037
3100 3040
3100 3099
3100 3102
3101 2997
3101 3086
3101 3106
3102 3029
3102 3092
3102 3100
3102 3105
3103 3083
3103 3098
3103 3104
3104 2924
3104 3103
3104 3139
3105 3000
3105 3102
3106 2993
3106 3092
3106 3101
3107 3090
3107 3108
3107 3109
3108 2973
3108 2974
3108 3107
3108 3109
3109 3090
3109 3107
3109 3108
3110 2934
3110 2939
3110 3083
3111 2888
3111 3065
3111 3112
3112 2888
3112 3111
3113 2884
3114 2898
3115 2900
3116 3075
3117 2921
3118 340
3118 441
3118 474
3119 2962
3119 2978
3119 3120
3120 3119
3121 2978
3122 2992
3123 2991
3124 2991
3125 2980
3125 2984
3125 3126
3126 3125
3127 2984
3128 2983
3129 2982
3130 3019
3131 3016
3132 3041
3132 3133
3133 3132
3134 3089
3135 2949
3136 3093
3136 3145
3137 2930
3138 2930
3139 3104
3140 2436
3140 3141
3141 3140
3142 2164
3143 3055
3143 3144
3144 1272
3144 1295
3144 3143
3145 3136
3146 1661
3147 3148
3147 3149
3147 3154
3148 1595
3148 3147
3148 3157
3149 3147
3150 1594
3150 3151
3150 3267
3150 3269
3151 1571
3151 1592
3151 3150
3151 3269
3152 25
3152 1145
3152 3153
3153 1146
3153 3152
3153 3310
3153 3311
3154 3147
3154 3155
3154 3164
3155 3154
3156 1595
3157 3148
3158 1596
3159 60
3159 1148
3159 1171
3159 3315
3160 71
3161 3162
3161 3163
3162 3161
3163 3161
3163 3164
3163 3167
3164 3154
3164 3163
3164 3274
3165 25
3166 3167
3166 3267
3166 3268
3167 3163
3167 3166
3167 3273
3167 3274
3168 3169
3168 3184
3168 3225
3169 3168
3169 3184
3170 3171
3170 3172
3170 3179
3171 3170
3171 3272
3171 3311
3171 3315
3172 3170
3172 3176
3172 3188
3173 3174
3173 3175
3173 3177
3174 3173
3174 3353
3175 3173
3175 3176
3175 3177
3176 3172
3176 3175
3176 3188
3176 3311
3177 3173
3177 3175
3177 3346
3178 3179
3178 3183
3178 3345
3179 3170
3179 3178
3179 3272
3179 3275
3180 3181
3180 3182
3180 3355
3181 3180
3181 3356
3182 3180
3182 3312
3182 3314
3182 3746
3183 3178
3183 3191
3183 3199
3184 3168
3184 3169
3185 3186
3185 3187
3185 3193
3185 3280
3186 3185
3186 3346
3186 3347
3187 3185
3187 3188
3187 3208
3187 3211
3188 3172
3188 3176
3188 3187
3188 3275
3189 3190
3189 3194
3189 3244
3190 3189
3190 3348
3190 3349
3191 1174
3191 3183
3191 3355
3192 3193
3192 3196
3192 3207
3193 3185
3193 3192
3193 3208
3193 3281
3194 3189
3194 3195
3194 3212
3195 3194
3195 3196
3195 3212
3196 3192
3196 3195
3196 3197
3197 3196
3197 3280
3197 3349
3198 3199
3198 3213
3198 3294
3199 3183
3199 3198
3199 3295
3199 3339
3200 3201
3200 3202
3200 3203
3201 3200
3201 3334
3201 3336
3202 3200
3202 3332
3202 3333
3203 3200
3203 3204
3203 3205
3204 1173
3204 3203
3204 3206
3205 3203
3205 3206
3205 3216
3205 3341
3206 3204
3206 3205
3206 3507
3206 3508
3207 3192
3207 3208
3207 3235
3208 3187
3208 3193
3208 3207
3208 3284
3209 3210
3209 3211
3209 3213
3210 3209
3210 3345
3211 3187
3211 3209
3211 3275
3211 3284
3212 3194
3212 3195
3212 3234
3213 3198
3213 3209
3213 3232
3214 3215
3214 3216
3214 3357
3215 3214
3215 3510
3215 3730
3216 3205
3216 3214
3216 3218
3217 3218
3217 3219
3217 3220
3218 3216
3218 3217
3218 3341
3219 3217
3219 3221
3219 3222
3220 3217
3220 3221
3220 3344
3221 3219
3221 3220
3221 3222
3221 3223
3222 3219
3222 3221
3222 3224
3223 3221
3223 3224
3223 3226
3224 3222
3224 3223
3224 3225
3225 3168
3225 3224
3225 3226
3225 3227
3226 3223
3226 3225
3226 3230
3227 3225
3227 3228
3228 3227
3228 3229
3229 3228
3229 3230
3229 3238
3230 3226
3230 3229
3230 3344
3231 3232
3231 3237
3231 3241
3231 3344
3232 3213
3232 3231
3232 3241
3232 3294
3233 3234
3233 3235
3233 3236
3233 3243
3234 3212
3234 3233
3234 3235
3234 3286
3235 3207
3235 3233
3235 3234
3235 3285
3236 3233
3236 3242
3236 3243
3237 3231
3237 3238
3237 3246
3238 3229
3238 3237
3238 3239
3238 3247
3239 3238
3240 3241
3240 3242
3240 3250
3241 3231
3241 3232
3241 3240
3241 3293
3242 3236
3242 3240
3242 3285
3242 3302
3243 3233
3243 3236
3243 3244
3244 3189
3244 3243
3244 3286
3245 3246
3245 3247
3245 3252
3246 3237
3246 3245
3246 3350
3247 3238
3247 3245
3247 3251
3248 3249
3249 3248
3249 3357
3249 3358
3250 3240
3251 3247
3252 3245
3252 3254
3252 3256
3253 3254
3254 3252
3254 3253
3254 3299
3254 3300
3255 3256
3255 3257
3255 3307
3255 3597
3256 3252
3256 3255
3256 3300
3256 3301
3257 3255
3257 3291
3257 3689
3258 218
3258 224
3258 225
3258 3400
3259 1656
3259 1658
3260 229
3260 1657
3261 3262
3261 3263
3261 3265
3262 3261
3262 3265
3262 3325
3263 1662
3263 3261
3263 3266
3264 3265
3264 3622
3265 3261
3265 3262
3265 3264
3265 3326
3266 1171
3266 3263
3266 3313
3266 3426
3267 3150
3267 3166
3267 3269
3268 3166
3268 3271
3268 3276
3269 3150
3269 3151
3269 3267
3269 3270
3270 1579
3270 3269
3270 3310
3270 3352
3271 3268
3271 3352
3271 3353
3272 3171
3272 3179
3272 3351
3273 1659
3273 3167
3273 3278
3274 3164
3274 3167
3275 3179
3275 3188
3275 3211
3276 3268
3276 3277
3276 3280
3277 3276
3278 3273
3278 3283
3279 3280
3279 3281
3280 3185
3280 3197
3280 3276
3280 3279
3281 3193
3281 3279
3282 3283
3282 3288
3283 3278
3283 3282
3283 3348
3284 3208
3284 3211
3284 3285
3285 3235
3285 3242
3285 3284
3286 3234
3286 3244
3287 3288
3287 3360
3288 3282
3288 3287
3289 3290
3289 3296
3290 3289
3290 3360
3291 3257
3291 3292
3291 3297
3291 3364
3292 3291
3292 3358
3292 3553
3293 3241
3293 3299
3294 3198
3294 3232
3294 3295
3294 3332
3295 3199
3295 3294
3295 3337
3295 3338
3296 3289
3296 3302
3297 3291
3297 3298
3297 3689
3298 3297
3298 3552
3298 3693
3298 3696
3299 3254
3299 3293
3300 3254
3300 3256
3300 3304
3301 3256
3301 3364
3302 3242
3302 3296
3302 3306
3303 225
3303 3305
3303 3399
3304 3300
3304 3306
3304 3308
3305 224
3305 3303
3305 3309
3306 3302
3306 3304
3307 3255
3307 3308
3307 3708
3308 3304
3308 3307
3309 3305
3309 3381
3309 3400
3310 3153
3310 3270
3310 3321
3311 3153
3311 3171
3311 3176
3311 3352
3312 1163
3312 3182
3312 3314
3312 3331
3313 3266
3313 3315
3313 3327
3313 3354
3314 3182
3314 3312
3314 3327
3314 3328
3315 1170
3315 3159
3315 3171
3315 3313
3316 1591
3316 1675
3316 1676
3317 434
3317 3318
3317 3771
3318 3317
3318 3403
3318 3431
3319 434
3319 3614
3320 1594
3321 3310
3322 1664
3322 3323
3322 3325
3323 3322
3323 3324
3324 3323
3324 3325
3325 3262
3325 3322
3325 3324
3326 3265
3327 3313
3327 3314
3327 3328
3327 3329
3328 3314
3328 3327
3328 3330
3329 3327
3330 3328
3331 3312
3331 3746
3332 3202
3332 3294
3332 3341
3333 3202
3333 3336
3333 3338
3334 3201
3334 3335
3334 3336
3335 1174
3335 3334
3335 3336
3336 3201
3336 3333
3336 3334
3336 3335
3337 3295
3338 3295
3338 3333
3338 3340
3339 3199
3340 3338
3341 3205
3341 3218
3341 3332
3342 3343
3342 3484
3342 3502
3342 3521
3343 3342
3344 3220
3344 3230
3344 3231
3345 3178
3345 3210
3346 3177
3346 3186
3346 3353
3347 3186
3348 3190
3348 3283
3348 3349
3348 3361
3349 3190
3349 3197
3349 3348
3350 3246
3351 3272
3351 3354
3352 3270
3352 3271
3352 3311
3353 3174
3353 3271
3353 3346
3354 3313
3354 3351
3354 3356
3355 3180
3355 3191
3355 3356
3356 3181
3356 3354
3356 3355
3357 3214
3357 3249
3358 3249
3358 3292
3358 3359
3359 3358
3359 3670
3359 3671
3360 3287
3360 3290
3361 3348
3362 3363
3363 3362
3363 3365
3363 3371
3364 3291
3364 3301
3365 3363
3365 3366
3365 3371
3366 3365
3367 3368
3367 3369
3367 3383
3368 3367
3369 3367
3370 3371
3370 3387
3371 3363
3371 3365
3371 3370
3372 453
3372 2060
3373 3374
3373 3377
3373 3397
3374 2020
3374 3373
3375 3376
3375 3384
3375 3396
3376 3375
3376 3811
3377 3373
3377 3378
3377 3380
3378 3377
3378 3610
3378 3612
3378 3613
3379 3380
3380 3377
3380 3379
3380 3610
3380 3622
3381 3309
3381 3411
3381 3619
3381 3620
3382 3383
3382 3384
3382 3391
3382 3770
3383 3367
3383 3382
3384 3375
3384 3382
3384 3769
3385 3386
3385 3387
3385 3756
3386 3385
3387 3370
3387 3385
3387 3615
3387 3616
3388 3389
3388 3390
3388 3414
3389 3388
3389 3758
3389 3760
3390 3388
3391 3382
3391 3392
3391 3398
3392 452
3392 3391
3393 3394
3393 3406
3394 3393
3395 3396
3396 3375
3396 3395
3396 3406
3397 3373
3398 3391
3398 3401
3398 3403
3399 3303
3399 3400
3399 3752
3400 3258
3400 3309
3400 3399
3401 3398
3401 3402
3401 3407
3402 3401
3403 3318
3403 3398
3403 3431
3404 1160
3404 3405
3405 3404
3406 3393
3406 3396
3406 3408
3407 3401
3408 3406
3408 3420
3409 3410
3409 3411
3409 3417
3409 3418
3410 3409
3410 3756
3411 3381
3411 3409
3411 3617
3411 3618
3412 3413
3412 3414
3412 3422
3413 3412
3413 3422
3413 3625
3413 3626
3414 3388
3414 3412
3414 3416
3415 3416
3415 3417
3415 3441
3415 3623
3416 3414
3416 3415
3417 3409
3417 3415
3418 3409
3419 3420
3419 3438
3419 3630
3420 3408
3420 3419
3420 3774
3421 3422
3422 3412
3422 3413
3422 3421
3422 3623
3423 3424
3423 3425
3423 3429
3424 3423
3425 3423
3426 3266
3426 3427
3426 3428
3426 3601
3427 3426
3428 1154
3428 3426
3428 3433
3429 3423
3429 3444
3429 3454
3430 3431
3430 3432
3430 3437
3431 3318
3431 3403
3431 3430
3432 3430
3432 3629
3433 1154
3433 3428
3433 3602
3434 3435
3434 3445
3434 3457
3435 1156
3435 3434
3436 3437
3436 3469
3436 3735
3437 3430
3437 3436
3437 3638
3437 3639
3438 3419
3439 3440
3439 3455
3440 3439
3440 3775
3440 3776
3441 3415
3441 3442
3441 3447
3442 3441
3443 3444
3444 3429
3444 3443
3444 3635
3444 3636
3445 3434
3445 3446
3445 3459
3446 3445
3446 3622
3446 3627
3446 3628
3447 174
3447 3441
3447 3448
3447 3453
3448 3447
3449 3450
3449 3451
3449 3455
3450 3449
3451 3449
3451 3623
3452 3453
3452 3454
3452 3634
3453 3447
3453 3452
3453 3454
3454 3429
3454 3452
3454 3453
3454 3635
3455 3439
3455 3449
3455 3733
3456 2435
3456 3457
3456 3458
3457 3434
3457 3456
3458 3456
3458 3761
3458 3762
3459 3445
3459 3460
3459 3603
3460 1166
3460 3459
3460 3464
3461 3462
3461 3463
3462 3461
3462 3633
3462 3642
3463 3461
3464 3460
3464 3475
3464 3479
3465 71
3466 1676
3467 173
3467 3468
3468 3467
3469 3436
3469 3472
3469 3473
3470 3471
3470 3472
3470 3478
3471 3470
3472 3469
3472 3470
3472 3514
3472 3638
3473 3469
3473 3474
3473 3491
3474 3473
3474 3491
3474 3733
3474 3734
3475 3464
3476 3477
3477 2098
3477 3476
3477 3765
3478 3470
3478 3480
3479 3464
3479 3484
3479 3502
3480 3478
3481 3482
3481 3490
3481 3647
3482 3481
3483 3484
3483 3497
3483 3521
3484 3342
3484 3479
3484 3483
3485 3486
3485 3487
3485 3496
3486 3485
3486 3511
3486 3772
3487 2097
3487 3485
3487 3501
3487 3643
3488 3489
3489 3488
3489 3494
3490 3481
3490 3491
3490 3504
3491 3473
3491 3474
3491 3490
3491 3504
3492 3493
3492 3494
3492 3652
3493 3492
3494 3489
3494 3492
3494 3495
3495 3494
3495 3505
3496 3485
3496 3498
3497 3483
3497 3743
3497 3745
3498 3496
3498 3499
3498 3501
3499 3498
3500 3501
3500 3502
3500 3509
3501 3487
3501 3498
3501 3500
3501 3641
3502 3342
3502 3479
3502 3500
3502 3603
3503 3504
3503 3512
3503 3659
3504 3490
3504 3491
3504 3503
3504 3648
3505 3495
3505 3506
3505 3515
3506 3505
3507 3206
3507 3508
3507 3790
3508 3206
3508 3507
3508 3793
3508 3794
3509 3500
3510 3215
3510 3743
3510 3790
3511 3486
3512 3503
3513 3514
3513 3644
3513 3645
3514 3472
3514 3513
3514 3658
3514 3659
3515 3505
3515 3516
3515 3650
3516 3515
3517 3518
3517 3519
3517 3785
3518 3517
3518 3519
3519 3517
3519 3518
3520 3521
3520 3657
3521 3342
3521 3483
3521 3520
3521 3731
3522 3523
3522 3524
3522 3534
3523 3522
3524 3522
3524 3656
3525 3526
3525 3527
3525 3530
3526 3525
3526 3785
3526 3786
3527 3525
3527 3650
3527 3651
3527 3652
3528 3529
3528 3671
3529 3528
3529 3544
3529 3669
3530 3525
3530 3539
3530 3787
3531 3532
3531 3533
3531 3741
3532 3531
3532 3534
3532 3738
3532 3742
3533 3531
3533 3534
3533 3535
3534 3522
3534 3532
3534 3533
3534 3536
3535 3533
3535 3536
3535 3537
3536 3534
3536 3535
3536 3676
3537 3535
3537 3538
3538 3537
3538 3674
3538 3675
3538 3676
3539 3530
3539 3542
3539 3550
3540 3541
3541 3540
3541 3741
3541 3806
3542 3539
3543 3544
3544 3529
3544 3543
3544 3664
3545 3546
3545 3549
3545 3555
3546 3545
3546 3557
3546 3781
3547 3548
3547 3549
3547 3783
3548 3547
3549 3545
3549 3547
3549 3687
3550 3539
3550 3551
3550 3804
3551 3550
3552 3298
3552 3553
3552 3558
3553 3292
3553 3552
3553 3740
3553 3742
3554 3555
3555 3545
3555 3554
3556 3557
3557 3546
3557 3556
3557 3778
3558 3552
3558 3559
3558 3564
3559 3558
3560 3561
3560 3571
3561 3560
3561 3804
3562 3563
3562 3565
3562 3576
3563 3562
3564 3558
3565 3562
3565 3566
3565 3582
3566 3565
3566 3582
3566 3722
3566 3723
3567 3568
3567 3569
3567 3574
3568 3567
3568 3681
3568 3702
3568 3703
3569 3567
3569 3698
3569 3703
3569 3750
3570 1733
3570 3571
3570 3577
3571 1733
3571 3560
3571 3570
3571 3710
3572 1734
3572 3573
3572 3574
3573 3572
3574 3567
3574 3572
3575 3576
3575 3577
3575 3585
3576 3562
3576 3575
3577 3570
3577 3575
3577 3588
3577 3710
3578 3579
3578 3600
3579 3578
3579 3598
3579 3599
3580 2332
3580 3581
3580 3582
3580 3727
3581 3580
3582 3565
3582 3566
3582 3580
3582 3589
3583 3584
3583 3597
3584 3583
3584 3708
3585 3575
3585 3720
3585 3721
3586 1734
3586 3587
3586 3797
3586 3800
3587 3586
3587 3588
3587 3600
3588 3577
3588 3587
3588 3719
3588 3720
3589 1743
3589 2332
3589 3582
3589 3721
3590 3591
3590 3599
3590 3715
3591 3590
3591 3715
3591 3717
3591 3718
3592 3593
3592 3594
3593 3592
3593 3726
3593 3808
3594 3592
3594 3728
3594 3729
3595 3596
3595 3597
3595 3712
3596 3595
3596 3713
3596 3796
3597 3255
3597 3583
3597 3595
3598 3579
3599 3579
3599 3590
3599 3718
3600 3578
3600 3587
3600 3719
3601 1168
3601 3426
3602 1168
3602 3433
3603 2435
3603 3459
3603 3502
3603 3732
3604 1490
3605 2026
3606 2017
3606 3607
3607 3606
3607 3608
3608 3607
3608 3609
3609 3608
3609 3614
3610 3378
3610 3380
3610 3611
3611 2018
3611 3610
3612 1927
3612 3378
3612 3613
3613 2024
3613 3378
3613 3612
3614 3319
3614 3609
3615 3387
3616 3387
3617 3411
3617 3752
3617 3753
3618 3411
3619 3381
3620 3381
3621 434
3622 3264
3622 3380
3622 3446
3623 3415
3623 3422
3623 3451
3623 3624
3624 174
3624 3623
3624 3637
3625 3413
3625 3771
3626 3413
3627 3446
3628 3446
3629 3432
3629 3630
3629 3631
3629 3632
3630 3419
3630 3629
3631 3629
3632 3629
3633 174
3633 3462
3633 3634
3634 3452
3634 3633
3634 3635
3634 3761
3635 3444
3635 3454
3635 3634
3636 3444
3637 3624
3638 3437
3638 3472
3638 3640
3639 3437
3640 3638
3641 3501
3641 3656
3641 3657
3642 3462
3643 2274
3643 3487
3644 3513
3644 3645
3644 3915
3645 3513
3645 3644
3645 3646
3645 3907
3646 3645
3647 3481
3647 3648
3647 3649
3648 3504
3648 3647
3648 3658
3649 3647
3650 3515
3650 3527
3650 3789
3651 3527
3651 3654
3652 3492
3652 3527
3652 3653
3653 3652
3654 3651
3655 3656
3655 3657
3655 3660
3656 3524
3656 3641
3656 3655
3657 3520
3657 3641
3657 3655
3658 3514
3658 3648
3659 3503
3659 3514
3659 3780
3660 3655
3660 3661
3660 3662
3661 3660
3661 3663
3661 3672
3661 3731
3662 3660
3662 3663
3662 3667
3663 3661
3663 3662
3663 3667
3663 3672
3664 3544
3664 3665
3664 3666
3664 3667
3665 3664
3665 3667
3665 3738
3665 3739
3666 3664
3666 3668
3666 3739
3667 3662
3667 3663
3667 3664
3667 3665
3668 3666
3668 3739
3668 3740
3669 3529
3669 3670
3669 3671
3669 3672
3670 3359
3670 3669
3670 3730
3670 3731
3671 3359
3671 3528
3671 3669
3672 3661
3672 3663
3672 3669
3673 3680
3674 3538
3674 3787
3674 3788
3675 3538
3675 3677
3676 3536
3676 3538
3677 3675
3677 3678
3678 3677
3678 3683
3679 3680
3679 3684
3680 3673
3680 3679
3680 3741
3680 3747
3681 3568
3681 3682
3681 3683
3682 3681
3682 3683
3683 3678
3683 3681
3683 3682
3683 3702
3684 3679
3684 3696
3685 3686
3685 3688
3685 3691
3686 3685
3686 3688
3687 3549
3688 3685
3688 3686
3688 3691
3689 3257
3689 3297
3689 3695
3690 3691
3690 3692
3690 3726
3691 3685
3691 3688
3691 3690
3691 3779
3692 3690
3693 3298
3693 3694
3693 3695
3693 3796
3694 3693
3694 3696
3694 3697
3695 3689
3695 3693
3695 3796
3696 3298
3696 3684
3696 3694
3696 3699
3697 3694
3697 3707
3697 3713
3698 3569
3698 3699
3698 3703
3698 3750
3699 3696
3699 3698
3699 3747
3700 3701
3700 3704
3700 3801
3701 3700
3701 3750
3701 3801
3702 3568
3702 3683
3702 3747
3703 3568
3703 3569
3703 3698
3703 3747
3704 3700
3704 3706
3705 3706
3705 3707
3705 3714
3706 3704
3706 3705
3706 3707
3707 3697
3707 3705
3707 3706
3708 3307
3708 3584
3709 3710
3710 3571
3710 3577
3710 3709
3711 3712
3711 3713
3712 3595
3712 3711
3713 3596
3713 3697
3713 3711
3714 3705
3714 3716
3715 3590
3715 3591
3715 3716
3716 3714
3716 3715
3716 3751
3717 3591
3717 3718
3717 3749
3717 3751
3718 3591
3718 3599
3718 3717
3718 3748
3719 1743
3719 3588
3719 3600
3720 3585
3720 3588
3720 3802
3721 3585
3721 3589
3721 3803
3722 3566
3722 3782
3723 3566
3724 3725
3724 3726
3725 3724
3726 3593
3726 3690
3726 3724
3726 3727
3727 3580
3727 3726
3727 3807
3728 3594
3729 3594
3730 3215
3730 3670
3730 3795
3731 3521
3731 3661
3731 3670
3731 3737
3732 3603
3733 3455
3733 3474
3733 3768
3734 3474
3734 3735
3734 3736
3734 3775
3735 3436
3735 3734
3736 3734
3737 3731
3738 3532
3738 3665
3738 3740
3739 3665
3739 3666
3739 3668
3740 3553
3740 3668
3740 3738
3740 3742
3741 3531
3741 3541
3741 3680
3741 3742
3742 3532
3742 3553
3742 3740
3742 3741
3743 3497
3743 3510
3743 3744
3743 3745
3744 3743
3745 3497
3745 3743
3745 3746
3745 3791
3746 3182
3746 3331
3746 3745
3747 3680
3747 3699
3747 3702
3747 3703
3748 3718
3749 3717
3749 3799
3749 3800
3750 3569
3750 3698
3750 3701
3751 3716
3751 3717
3751 3799
3751 3801
3752 3399
3752 3617
3753 3617
3754 440
3754 441
3754 3755
3755 440
3755 443
3755 3754
3756 3385
3756 3410
3756 3757
3757 3756
3758 3389
3758 3759
3759 3758
3760 3389
3761 3458
3761 3634
3761 3763
3762 3458
3763 3761
3763 3764
3764 3763
3765 3477
3766 3767
3767 2025
3767 3766
3768 3733
3769 3384
3770 3382
3771 3317
3771 3625
3771 3773
3772 3486
3773 3771
3774 3420
3775 3440
3775 3734
3776 3440
3777 3778
3777 3781
3778 3557
3778 3777
3778 3781
3779 3691
3779 3784
3780 3659
3781 3546
3781 3777
3781 3778
3782 3722
3782 3783
3782 3784
3783 3547
3783 3782
3783 3784
3784 3779
3784 3782
3784 3783
3785 3517
3785 3526
3786 3526
3787 3530
3787 3674
3788 3674
3789 3650
3790 3507
3790 3510
3790 3793
3791 3745
3791 3792
3791 3793
3792 3791
3793 3508
3793 3790
3793 3791
3794 3508
3795 3730
3796 3596
3796 3693
3796 3695
3797 1734
3797 3586
3797 3798
3798 3797
3798 3799
3798 3800
3799 3749
3799 3751
3799 3798
3799 3801
3800 3586
3800 3749
3800 3798
3801 3700
3801 3701
3801 3751
3801 3799
3802 3720
3803 3721
3804 3550
3804 3561
3804 3805
3805 3804
3806 3541
3807 3727
3808 3593
3809 2322
3809 3810
3810 3809
3811 1931
3811 3376
3811 3812
3812 2411
3812 3811
3813 3814
3813 3819
3814 3813
3815 2316
3815 3816
3815 3817
3815 3860
3816 3815
3817 3815
3818 3819
3818 3822
3819 2418
3819 3813
3819 3818
3820 2328
3820 3821
3820 3823
3820 3842
3821 3820
3822 2418
3822 3818
3822 3823
3823 3820
3823 3822
3824 3825
3824 3829
3825 2337
3825 3824
3826 3827
3826 3828
3827 2324
3827 3826
3828 133
3828 2333
3828 3826
3829 3824
3829 3832
3829 3834
3830 2322
3830 3831
3830 3833
3831 3830
3831 3832
3831 3837
3832 3829
3832 3831
3833 3830
3833 3843
3834 3829
3835 3836
3836 3835
3836 3843
3837 3831
3837 3838
3838 3837
3838 3839
3838 3846
3839 3838
3840 3844
3841 3842
3841 3847
3841 3866
3842 3820
3842 3841
3843 3833
3843 3836
3844 3840
3844 3847
3844 3848
3845 3846
3845 3851
3845 3852
3846 3838
3846 3845
3847 3841
3847 3844
3847 3850
3848 3844
3848 3849
3848 3850
3849 3848
3850 3847
3850 3848
3850 3858
3851 3845
3851 3867
3851 3880
3852 3845
3852 3855
3852 3859
3853 3854
3853 3857
3853 3862
3854 3853
3855 3852
3855 3856
3855 3859
3856 3855
3857 3853
3858 3850
3859 3852
3859 3855
3860 3815
3860 3861
3861 3860
3862 3853
3862 3863
3862 3868
3863 3862
3864 3865
3864 3866
3864 3870
3865 3864
3866 3841
3866 3864
3867 3851
3868 3862
3868 3871
3868 3878
3869 3870
3870 3864
3870 3869
3871 3868
3871 3877
3872 3873
3872 3875
3872 3882
3873 3872
3874 3875
3875 3872
3875 3874
3876 3877
3876 3878
3876 3879
3877 3871
3877 3876
3877 3878
3878 3868
3878 3876
3878 3877
3879 3876
3879 3880
3879 3885
3880 3851
3880 3879
3881 3882
3881 3884
3881 3912
3882 3872
3882 3881
3883 3884
3884 3881
3884 3883
3884 3911
3885 3879
3885 3886
3885 3887
3886 3885
3887 3885
3887 3889
3887 3890
3888 3889
3888 3890
3888 3891
3889 3887
3889 3888
3889 3890
3890 3887
3890 3888
3890 3889
3891 3888
3891 3894
3891 3896
3892 3893
3892 3895
3892 3898
3893 3892
3894 3891
3894 3895
3895 3892
3895 3894
3896 3891
3896 3897
3896 3901
3897 3896
3898 3892
3899 3900
3899 3901
3899 3904
3900 3899
3900 3901
3901 3896
3901 3899
3901 3900
3902 3903
3902 3904
3902 3905
3903 3902
3903 3904
3903 3906
3904 3899
3904 3902
3904 3903
3905 3902
3905 3906
3905 3909
3906 3903
3906 3905
3907 3645
3907 3908
3907 3914
3908 3907
3909 3905
3909 3913
3910 3911
3910 3912
3910 3916
3911 3884
3911 3910
3912 3881
3912 3910
3913 3909
3914 3907
3914 3915
3914 3916
3915 3644
3915 3914
3916 3910
3916 3914
